0 0
1 1
2 1
3 1
4 1
5 1
6 1
7 1
8 1
9 1
10 1
11 1
12 1
13 1
14 1
15 1
16 1
17 1
18 1
19 1
20 1
21 1
22 1
23 1
24 1
25 1
26 1
27 1
28 1
29 1
30 1
31 2
32 1
33 1
34 1
35 1
36 1
37 1
38 1
39 1
40 1
41 1
42 1
43 1
44 1
45 1
46 1
47 1
48 1
49 1
50 1
51 1
52 1
53 2
54 1
55 2
56 1
57 1
58 2
59 2
60 2
61 1
62 2
63 2
64 1
65 1
66 1
67 1
68 1
69 1
70 1
71 1
72 1
73 1
74 1
75 1
76 1
77 1
78 1
79 2
80 1
81 1
82 1
83 1
84 1
85 1
86 1
87 1
88 1
89 1
90 1
91 2
92 1
93 1
94 2
95 2
96 1
97 1
98 1
99 1
100 1
101 1
102 1
103 1
104 1
105 1
106 1
107 1
108 1
109 2
110 1
111 2
112 1
113 1
114 1
115 1
116 1
117 2
118 1
119 2
120 1
121 1
122 1
123 2
124 2
125 2
126 1
128 1
129 1
130 1
131 1
132 1
133 1
134 1
135 1
136 1
137 1
138 1
139 1
140 1
141 1
142 1
143 1
144 1
145 1
146 1
147 1
148 1
149 1
150 1
151 1
152 1
153 1
154 1
155 2
156 1
157 2
158 1
159 1
160 1
161 1
162 1
163 1
164 1
165 1
166 1
167 1
168 1
169 1
170 1
171 2
172 1
173 1
174 1
175 2
176 1
177 1
178 1
179 1
180 1
181 1
182 1
183 1
184 1
185 2
186 1
187 2
188 1
189 2
190 1
191 2
192 1
193 1
194 1
195 1
196 1
197 1
198 2
199 1
200 1
201 1
202 1
203 2
204 1
205 2
206 1
207 2
208 1
209 1
210 1
211 1
212 2
213 1
214 2
215 2
216 1
217 1
218 2
219 2
220 1
221 2
222 2
223 1
224 1
225 1
226 2
227 2
228 1
229 1
230 1
231 2
232 2
233 1
234 1
235 2
236 1
237 2
238 2
239 1
240 1
241 1
242 2
243 2
244 2
245 2
246 2
247 2
248 1
249 1
250 2
252 2
254 2
256 1
257 1
258 1
259 1
260 1
261 1
262 1
263 1
264 1
265 1
266 1
267 1
268 1
269 1
270 1
271 2
272 1
273 1
274 1
275 1
276 1
277 1
278 2
279 1
280 1
281 1
282 1
283 1
284 1
285 1
286 1
287 1
288 1
289 1
290 1
291 1
292 1
293 1
294 2
295 1
296 1
297 2
298 1
299 2
300 1
301 1
302 2
303 2
304 1
305 1
306 1
307 1
308 1
309 2
310 1
311 1
312 1
313 1
314 1
315 2
316 2
317 2
318 2
319 2
320 1
321 1
322 1
323 1
324 1
325 1
326 1
327 1
328 1
329 1
330 1
331 2
332 1
333 1
334 1
335 1
336 1
337 1
338 1
339 2
340 1
341 1
342 2
343 2
344 1
345 1
346 1
347 2
348 1
349 2
350 2
351 2
352 1
353 1
354 1
355 1
356 1
357 1
358 2
359 1
360 1
361 1
362 1
363 1
364 1
365 2
366 1
367 2
368 1
369 2
370 1
371 2
372 2
373 1
374 2
375 1
376 1
377 1
378 2
379 2
380 2
381 2
382 2
383 2
384 1
385 1
386 1
387 1
388 1
389 1
390 1
391 2
392 1
393 1
394 1
395 1
396 2
397 1
398 1
399 2
400 1
401 1
402 2
403 1
404 1
405 2
406 2
407 1
408 1
409 1
410 1
411 2
412 1
413 2
414 2
415 2
416 1
417 1
418 1
419 1
420 1
421 2
422 2
423 2
424 1
425 2
426 1
427 1
428 1
429 2
430 1
432 2
433 1
434 1
435 2
436 1
437 2
438 2
439 2
440 1
441 2
442 1
443 2
444 2
448 1
449 2
450 1
451 2
452 1
453 2
454 2
455 2
456 1
457 1
458 1
459 2
460 2
462 2
463 2
464 1
465 1
466 2
467 2
468 2
469 2
470 1
471 1
472 1
473 2
474 1
476 2
477 1
478 2
479 2
480 1
481 2
482 1
483 2
484 1
485 2
486 2
487 2
488 1
489 1
490 1
491 2
492 2
493 2
495 2
496 2
497 2
498 1
499 1
500 2
501 1
502 1
503 1
504 2
505 2
506 2
508 2
509 3
512 1
513 1
514 1
515 1
516 1
517 1
518 1
519 1
520 1
521 1
522 1
523 1
524 1
525 1
526 2
527 2
528 1
529 1
530 1
531 1
532 1
533 1
534 1
535 1
536 1
537 2
538 2
539 1
540 1
541 1
542 1
543 2
544 1
545 1
546 1
547 1
548 1
549 1
550 1
551 2
552 1
553 1
554 1
555 1
556 1
557 1
558 1
559 2
560 1
561 1
562 1
563 2
564 1
565 2
566 2
567 2
568 1
569 1
570 1
571 1
572 1
573 2
574 2
575 2
576 1
577 1
578 1
579 1
580 1
581 1
582 1
583 1
584 1
585 1
586 1
587 1
588 1
589 1
590 1
591 1
592 1
593 2
594 1
595 1
596 1
597 1
598 1
599 2
600 1
601 2
602 1
604 2
605 2
606 2
607 1
608 1
609 1
610 1
611 1
612 1
613 1
614 2
615 2
616 1
617 1
618 1
619 2
620 1
621 2
622 1
623 2
624 1
625 1
626 2
627 1
628 1
629 2
630 1
631 2
632 2
633 2
635 2
636 2
637 2
638 2
639 2
640 1
641 1
642 1
643 1
644 1
645 1
646 1
647 2
648 1
649 1
650 1
651 1
652 1
653 2
654 1
655 2
656 1
657 1
658 1
659 1
660 1
661 2
662 1
663 2
664 1
665 1
666 2
667 1
668 2
669 1
670 2
671 1
672 1
673 1
674 1
675 1
676 1
677 1
678 1
679 2
680 2
681 2
682 1
683 2
684 2
686 2
687 2
688 2
689 1
690 2
691 2
692 1
693 2
694 2
695 2
696 2
697 2
698 1
700 2
702 1
704 1
705 1
706 2
707 1
708 1
709 1
710 1
711 2
712 1
713 1
714 1
715 2
716 2
717 2
718 2
719 2
720 1
721 1
722 2
723 2
724 2
725 2
726 2
727 2
728 1
729 2
730 2
732 2
733 2
734 2
735 1
736 1
737 1
738 2
739 2
740 2
741 2
742 2
743 2
744 1
745 2
746 1
748 2
749 2
750 2
751 2
752 1
753 2
754 2
755 2
756 2
759 2
760 2
761 2
762 1
764 2
765 2
766 2
768 1
769 1
770 1
771 1
772 1
773 1
774 1
775 2
776 1
777 1
778 1
779 1
780 1
781 1
782 1
783 2
784 1
785 2
786 1
787 2
788 1
789 2
790 1
791 2
792 1
793 2
794 1
795 2
796 1
797 2
798 1
799 2
800 1
801 1
802 1
803 1
804 1
805 1
806 1
807 2
808 1
809 2
810 2
811 2
812 1
813 2
814 2
816 1
817 2
818 1
819 2
820 2
821 2
822 2
823 2
824 1
825 1
827 2
828 1
830 2
831 2
832 1
833 1
834 1
835 1
836 1
837 2
838 1
839 2
840 1
841 1
842 1
843 2
844 2
845 1
846 2
848 1
849 1
850 2
851 1
852 1
853 1
854 2
856 2
857 2
858 2
860 2
861 1
864 1
865 1
866 2
867 2
868 1
869 1
870 2
871 1
872 1
873 2
874 2
875 2
876 2
878 2
880 1
881 2
882 1
883 2
884 1
888 1
890 2
896 1
897 1
898 1
899 1
900 1
901 1
902 1
903 2
904 1
905 1
906 1
907 2
908 2
909 2
910 2
912 1
913 2
914 2
915 2
916 1
917 2
918 2
919 2
920 1
921 2
922 2
923 2
924 2
925 2
926 2
927 2
928 1
929 1
930 1
931 2
932 1
933 2
934 2
935 2
936 1
937 2
938 2
940 1
941 2
942 2
944 1
945 2
946 2
948 1
949 2
950 1
952 1
955 2
956 2
960 1
961 1
962 1
963 1
964 1
965 2
966 2
967 2
968 1
969 1
970 2
971 2
972 2
973 2
976 1
977 2
978 2
979 2
980 2
981 1
982 1
983 2
984 1
985 1
986 2
988 2
989 1
992 1
993 1
994 1
995 2
996 2
997 2
998 1
1000 2
1002 2
1004 2
1006 2
1008 1
1010 2
1012 1
1013 2
1016 2
