0 3
3 0
0 7
7 0
0 11
11 0
0 15
15 0
0 19
19 0
0 23
23 0
0 27
27 0
0 35
35 0
0 39
39 0
0 43
43 0
0 47
47 0
0 51
51 0
0 67
67 0
0 71
71 0
0 75
75 0
0 83
83 0
0 87
87 0
0 99
99 0
0 103
103 0
0 107
107 0
0 115
115 0
0 131
131 0
0 135
135 0
0 139
139 0
0 143
143 0
0 147
147 0
0 151
151 0
0 159
159 0
0 163
163 0
0 167
167 0
0 179
179 0
0 183
183 0
0 195
195 0
0 199
199 0
0 211
211 0
0 223
223 0
0 239
239 0
0 259
259 0
0 263
263 0
0 267
267 0
0 275
275 0
0 279
279 0
0 283
283 0
0 287
287 0
0 291
291 0
0 295
295 0
0 307
307 0
0 311
311 0
0 323
323 0
0 327
327 0
0 335
335 0
0 355
355 0
0 359
359 0
0 363
363 0
0 375
375 0
0 387
387 0
0 395
395 0
0 403
403 0
0 407
407 0
0 419
419 0
0 427
427 0
0 471
471 0
0 499
499 0
0 503
503 0
0 515
515 0
0 519
519 0
0 523
523 0
0 531
531 0
0 535
535 0
0 539
539 0
0 547
547 0
0 555
555 0
0 571
571 0
0 579
579 0
0 583
583 0
0 587
587 0
0 591
591 0
0 595
595 0
0 607
607 0
0 611
611 0
0 627
627 0
0 643
643 0
0 651
651 0
0 659
659 0
0 667
667 0
0 671
671 0
0 675
675 0
0 707
707 0
0 735
735 0
0 771
771 0
0 779
779 0
0 803
803 0
0 835
835 0
0 851
851 0
0 871
871 0
0 899
899 0
0 963
963 0
1 2
2 1
1 6
6 1
1 10
10 1
1 14
14 1
1 18
18 1
1 22
22 1
1 26
26 1
1 30
30 1
1 34
34 1
1 38
38 1
1 42
42 1
1 46
46 1
1 50
50 1
1 54
54 1
1 62
62 1
1 66
66 1
1 70
70 1
1 74
74 1
1 78
78 1
1 82
82 1
1 86
86 1
1 90
90 1
1 98
98 1
1 102
102 1
1 110
110 1
1 114
114 1
1 118
118 1
1 122
122 1
1 130
130 1
1 134
134 1
1 138
138 1
1 142
142 1
1 146
146 1
1 154
154 1
1 162
162 1
1 166
166 1
1 170
170 1
1 174
174 1
1 186
186 1
1 194
194 1
1 210
210 1
1 218
218 1
1 226
226 1
1 258
258 1
1 262
262 1
1 266
266 1
1 274
274 1
1 278
278 1
1 282
282 1
1 290
290 1
1 294
294 1
1 298
298 1
1 322
322 1
1 330
330 1
1 338
338 1
1 342
342 1
1 354
354 1
1 386
386 1
1 398
398 1
1 402
402 1
1 406
406 1
1 418
418 1
1 458
458 1
1 482
482 1
1 502
502 1
1 514
514 1
1 518
518 1
1 522
522 1
1 530
530 1
1 534
534 1
1 546
546 1
1 558
558 1
1 578
578 1
1 610
610 1
1 642
642 1
1 646
646 1
1 650
650 1
1 658
658 1
1 662
662 1
1 666
666 1
1 682
682 1
1 686
686 1
1 694
694 1
1 706
706 1
1 714
714 1
1 766
766 1
1 770
770 1
1 774
774 1
1 778
778 1
1 786
786 1
1 818
818 1
1 838
838 1
1 866
866 1
1 898
898 1
1 938
938 1
1 962
962 1
2 5
5 2
2 9
9 2
2 13
13 2
2 17
17 2
2 21
21 2
2 25
25 2
2 29
29 2
2 33
33 2
2 37
37 2
2 41
41 2
2 49
49 2
2 53
53 2
2 57
57 2
2 65
65 2
2 69
69 2
2 73
73 2
2 77
77 2
2 81
81 2
2 89
89 2
2 97
97 2
2 105
105 2
2 113
113 2
2 117
117 2
2 121
121 2
2 129
129 2
2 133
133 2
2 137
137 2
2 145
145 2
2 153
153 2
2 161
161 2
2 169
169 2
2 177
177 2
2 197
197 2
2 201
201 2
2 205
205 2
2 217
217 2
2 233
233 2
2 257
257 2
2 261
261 2
2 265
265 2
2 269
269 2
2 273
273 2
2 289
289 2
2 293
293 2
2 297
297 2
2 301
301 2
2 305
305 2
2 309
309 2
2 321
321 2
2 329
329 2
2 337
337 2
2 349
349 2
2 353
353 2
2 385
385 2
2 389
389 2
2 393
393 2
2 413
413 2
2 417
417 2
2 425
425 2
2 449
449 2
2 453
453 2
2 469
469 2
2 513
513 2
2 521
521 2
2 525
525 2
2 529
529 2
2 541
541 2
2 545
545 2
2 553
553 2
2 561
561 2
2 581
581 2
2 601
601 2
2 609
609 2
2 641
641 2
2 645
645 2
2 649
649 2
2 673
673 2
2 689
689 2
2 705
705 2
2 745
745 2
2 769
769 2
2 773
773 2
2 777
777 2
2 789
789 2
2 801
801 2
2 833
833 2
2 849
849 2
2 897
897 2
2 961
961 2
2 993
993 2
3 4
4 3
3 8
8 3
3 12
12 3
3 16
16 3
3 20
20 3
3 24
24 3
3 28
28 3
3 32
32 3
3 36
36 3
3 40
40 3
3 48
48 3
3 52
52 3
3 64
64 3
3 68
68 3
3 72
72 3
3 80
80 3
3 88
88 3
3 92
92 3
3 96
96 3
3 100
100 3
3 104
104 3
3 112
112 3
3 128
128 3
3 132
132 3
3 136
136 3
3 140
140 3
3 144
144 3
3 148
148 3
3 152
152 3
3 160
160 3
3 164
164 3
3 172
172 3
3 176
176 3
3 180
180 3
3 192
192 3
3 196
196 3
3 200
200 3
3 208
208 3
3 212
212 3
3 228
228 3
3 240
240 3
3 256
256 3
3 260
260 3
3 268
268 3
3 272
272 3
3 276
276 3
3 284
284 3
3 288
288 3
3 296
296 3
3 304
304 3
3 320
320 3
3 324
324 3
3 328
328 3
3 336
336 3
3 344
344 3
3 356
356 3
3 384
384 3
3 388
388 3
3 404
404 3
3 420
420 3
3 432
432 3
3 456
456 3
3 460
460 3
3 472
472 3
3 512
512 3
3 516
516 3
3 520
520 3
3 524
524 3
3 528
528 3
3 532
532 3
3 544
544 3
3 552
552 3
3 560
560 3
3 564
564 3
3 576
576 3
3 592
592 3
3 624
624 3
3 640
640 3
3 688
688 3
3 700
700 3
3 704
704 3
3 744
744 3
3 768
768 3
3 772
772 3
3 776
776 3
3 788
788 3
3 800
800 3
3 816
816 3
3 864
864 3
4 7
7 4
4 11
11 4
4 15
15 4
4 23
23 4
4 27
27 4
4 31
31 4
4 35
35 4
4 51
51 4
4 67
67 4
4 71
71 4
4 131
131 4
4 135
135 4
4 139
139 4
4 147
147 4
4 163
163 4
4 195
195 4
4 243
243 4
4 259
259 4
4 275
275 4
4 291
291 4
4 299
299 4
4 307
307 4
4 323
323 4
4 339
339 4
4 343
343 4
4 419
419 4
4 427
427 4
4 451
451 4
4 515
515 4
4 539
539 4
4 547
547 4
4 551
551 4
4 559
559 4
4 579
579 4
4 583
583 4
4 587
587 4
4 643
643 4
4 651
651 4
4 687
687 4
4 739
739 4
4 819
819 4
4 927
927 4
4 931
931 4
4 963
963 4
5 6
6 5
5 10
10 5
5 18
18 5
5 22
22 5
5 66
66 5
5 70
70 5
5 74
74 5
5 106
106 5
5 114
114 5
5 122
122 5
5 130
130 5
5 142
142 5
5 162
162 5
5 166
166 5
5 194
194 5
5 198
198 5
5 202
202 5
5 210
210 5
5 258
258 5
5 266
266 5
5 274
274 5
5 278
278 5
5 290
290 5
5 306
306 5
5 310
310 5
5 322
322 5
5 330
330 5
5 390
390 5
5 426
426 5
5 450
450 5
5 458
458 5
5 466
466 5
5 514
514 5
5 522
522 5
5 550
550 5
5 578
578 5
5 614
614 5
5 650
650 5
5 674
674 5
5 778
778 5
5 802
802 5
5 810
810 5
5 834
834 5
5 866
866 5
6 9
9 6
6 17
17 6
6 21
21 6
6 25
25 6
6 37
37 6
6 45
45 6
6 49
49 6
6 57
57 6
6 81
81 6
6 85
85 6
6 97
97 6
6 101
101 6
6 129
129 6
6 133
133 6
6 161
161 6
6 169
169 6
6 177
177 6
6 193
193 6
6 257
257 6
6 273
273 6
6 277
277 6
6 289
289 6
6 293
293 6
6 313
313 6
6 329
329 6
6 385
385 6
6 513
513 6
6 517
517 6
6 521
521 6
6 525
525 6
6 533
533 6
6 617
617 6
6 641
641 6
6 645
645 6
6 849
849 6
6 917
917 6
7 8
8 7
7 12
12 7
7 16
16 7
7 20
20 7
7 24
24 7
7 32
32 7
7 40
40 7
7 48
48 7
7 52
52 7
7 64
64 7
7 68
68 7
7 72
72 7
7 76
76 7
7 80
80 7
7 92
92 7
7 96
96 7
7 104
104 7
7 108
108 7
7 124
124 7
7 128
128 7
7 132
132 7
7 144
144 7
7 220
220 7
7 240
240 7
7 256
256 7
7 260
260 7
7 264
264 7
7 272
272 7
7 280
280 7
7 304
304 7
7 320
320 7
7 324
324 7
7 336
336 7
7 384
384 7
7 416
416 7
7 488
488 7
7 512
512 7
7 516
516 7
7 520
520 7
7 528
528 7
7 532
532 7
7 544
544 7
7 548
548 7
7 640
640 7
7 672
672 7
7 688
688 7
7 704
704 7
7 784
784 7
7 864
864 7
8 11
11 8
8 19
19 8
8 23
23 8
8 31
31 8
8 35
35 8
8 43
43 8
8 51
51 8
8 67
67 8
8 75
75 8
8 115
115 8
8 131
131 8
8 139
139 8
8 155
155 8
8 163
163 8
8 167
167 8
8 175
175 8
8 179
179 8
8 211
211 8
8 227
227 8
8 235
235 8
8 259
259 8
8 263
263 8
8 275
275 8
8 299
299 8
8 323
323 8
8 339
339 8
8 343
343 8
8 359
359 8
8 403
403 8
8 499
499 8
8 515
515 8
8 519
519 8
8 531
531 8
8 535
535 8
8 547
547 8
8 563
563 8
8 579
579 8
8 587
587 8
8 595
595 8
8 627
627 8
8 643
643 8
8 651
651 8
8 771
771 8
8 775
775 8
8 779
779 8
8 831
831 8
8 871
871 8
8 955
955 8
9 10
10 9
9 14
14 9
9 18
18 9
9 22
22 9
9 26
26 9
9 34
34 9
9 38
38 9
9 42
42 9
9 50
50 9
9 58
58 9
9 66
66 9
9 70
70 9
9 82
82 9
9 90
90 9
9 98
98 9
9 130
130 9
9 134
134 9
9 146
146 9
9 162
162 9
9 202
202 9
9 206
206 9
9 258
258 9
9 262
262 9
9 266
266 9
9 270
270 9
9 306
306 9
9 322
322 9
9 386
386 9
9 402
402 9
9 418
418 9
9 450
450 9
9 522
522 9
9 530
530 9
9 650
650 9
9 662
662 9
9 666
666 9
9 678
678 9
9 710
710 9
9 770
770 9
9 930
930 9
9 986
986 9
10 13
13 10
10 17
17 10
10 21
21 10
10 25
25 10
10 29
29 10
10 33
33 10
10 65
65 10
10 73
73 10
10 81
81 10
10 97
97 10
10 105
105 10
10 129
129 10
10 145
145 10
10 149
149 10
10 153
153 10
10 165
165 10
10 169
169 10
10 197
197 10
10 213
213 10
10 257
257 10
10 261
261 10
10 265
265 10
10 273
273 10
10 321
321 10
10 329
329 10
10 389
389 10
10 401
401 10
10 433
433 10
10 453
453 10
10 513
513 10
10 521
521 10
10 529
529 10
10 545
545 10
10 553
553 10
10 641
641 10
10 661
661 10
10 773
773 10
10 961
961 10
10 997
997 10
11 12
12 11
11 16
16 11
11 24
24 11
11 28
28 11
11 32
32 11
11 36
36 11
11 40
40 11
11 64
64 11
11 68
68 11
11 72
72 11
11 80
80 11
11 96
96 11
11 104
104 11
11 128
128 11
11 132
132 11
11 136
136 11
11 144
144 11
11 148
148 11
11 160
160 11
11 168
168 11
11 176
176 11
11 216
216 11
11 240
240 11
11 256
256 11
11 260
260 11
11 264
264 11
11 284
284 11
11 292
292 11
11 324
324 11
11 352
352 11
11 384
384 11
11 400
400 11
11 404
404 11
11 512
512 11
11 516
516 11
11 544
544 11
11 580
580 11
11 624
624 11
11 736
736 11
11 772
772 11
11 784
784 11
11 804
804 11
11 904
904 11
12 19
19 12
12 35
35 12
12 43
43 12
12 51
51 12
12 67
67 12
12 79
79 12
12 83
83 12
12 99
99 12
12 115
115 12
12 131
131 12
12 139
139 12
12 147
147 12
12 163
163 12
12 235
235 12
12 267
267 12
12 299
299 12
12 547
547 12
12 643
643 12
12 651
651 12
12 739
739 12
12 771
771 12
13 18
18 13
13 22
22 13
13 34
34 13
13 58
58 13
13 66
66 13
13 78
78 13
13 98
98 13
13 130
130 13
13 142
142 13
13 154
154 13
13 162
162 13
13 178
178 13
13 210
210 13
13 326
326 13
13 358
358 13
13 386
386 13
13 418
418 13
13 426
426 13
13 518
518 13
13 522
522 13
13 562
562 13
13 578
578 13
13 642
642 13
13 666
666 13
14 21
21 14
14 49
49 14
14 57
57 14
14 69
69 14
14 161
161 14
14 177
177 14
14 257
257 14
14 289
289 14
14 325
325 14
14 337
337 14
14 513
513 14
14 541
541 14
14 625
625 14
14 709
709 14
14 785
785 14
14 801
801 14
15 28
28 15
15 32
32 15
15 36
36 15
15 40
40 15
15 48
48 15
15 68
68 15
15 72
72 15
15 124
124 15
15 136
136 15
15 188
188 15
15 192
192 15
15 256
256 15
15 292
292 15
15 296
296 15
15 336
336 15
15 512
512 15
15 544
544 15
15 612
612 15
16 19
19 16
16 23
23 16
16 27
27 16
16 31
31 16
16 35
35 16
16 43
43 16
16 47
47 16
16 51
51 16
16 67
67 16
16 71
71 16
16 75
75 16
16 79
79 16
16 83
83 16
16 123
123 16
16 135
135 16
16 139
139 16
16 147
147 16
16 163
163 16
16 195
195 16
16 259
259 16
16 263
263 16
16 267
267 16
16 271
271 16
16 275
275 16
16 291
291 16
16 295
295 16
16 323
323 16
16 403
403 16
16 407
407 16
16 423
423 16
16 459
459 16
16 515
515 16
16 519
519 16
16 535
535 16
16 547
547 16
16 567
567 16
16 571
571 16
16 575
575 16
16 579
579 16
16 643
643 16
16 667
667 16
16 751
751 16
16 771
771 16
16 803
803 16
16 903
903 16
16 907
907 16
16 963
963 16
17 18
18 17
17 26
26 17
17 34
34 17
17 42
42 17
17 54
54 17
17 70
70 17
17 78
78 17
17 82
82 17
17 102
102 17
17 114
114 17
17 130
130 17
17 134
134 17
17 150
150 17
17 154
154 17
17 258
258 17
17 266
266 17
17 270
270 17
17 290
290 17
17 306
306 17
17 322
322 17
17 338
338 17
17 342
342 17
17 386
386 17
17 390
390 17
17 426
426 17
17 430
430 17
17 514
514 17
17 522
522 17
17 530
530 17
17 578
578 17
17 610
610 17
17 710
710 17
17 770
770 17
17 898
898 17
17 962
962 17
18 37
37 18
18 41
41 18
18 69
69 18
18 73
73 18
18 81
81 18
18 101
101 18
18 121
121 18
18 129
129 18
18 145
145 18
18 161
161 18
18 193
193 18
18 225
225 18
18 257
257 18
18 297
297 18
18 309
309 18
18 313
313 18
18 321
321 18
18 353
353 18
18 385
385 18
18 513
513 18
18 529
529 18
18 577
577 18
18 585
585 18
18 609
609 18
18 617
617 18
18 641
641 18
18 705
705 18
18 769
769 18
18 897
897 18
18 929
929 18
19 20
20 19
19 24
24 19
19 32
32 19
19 36
36 19
19 40
40 19
19 44
44 19
19 48
48 19
19 64
64 19
19 80
80 19
19 128
128 19
19 132
132 19
19 136
136 19
19 144
144 19
19 160
160 19
19 208
208 19
19 256
256 19
19 260
260 19
19 264
264 19
19 268
268 19
19 272
272 19
19 280
280 19
19 288
288 19
19 304
304 19
19 332
332 19
19 340
340 19
19 364
364 19
19 384
384 19
19 400
400 19
19 404
404 19
19 416
416 19
19 448
448 19
19 456
456 19
19 464
464 19
19 512
512 19
19 520
520 19
19 528
528 19
19 544
544 19
19 560
560 19
19 576
576 19
19 644
644 19
19 704
704 19
19 708
708 19
19 712
712 19
19 768
768 19
19 776
776 19
19 788
788 19
19 864
864 19
19 896
896 19
20 43
43 20
20 47
47 20
20 51
51 20
20 75
75 20
20 83
83 20
20 195
195 20
20 263
263 20
20 291
291 20
20 547
547 20
20 779
779 20
20 899
899 20
20 907
907 20
21 34
34 21
21 50
50 21
21 66
66 21
21 82
82 21
21 258
258 21
21 274
274 21
21 306
306 21
21 434
434 21
21 514
514 21
21 518
518 21
21 578
578 21
21 642
642 21
21 898
898 21
22 33
33 22
22 37
37 22
22 41
41 22
22 73
73 22
22 133
133 22
22 193
193 22
22 265
265 22
22 337
337 22
22 385
385 22
22 497
497 22
22 513
513 22
22 689
689 22
23 32
32 23
23 36
36 23
23 44
44 23
23 68
68 23
23 80
80 23
23 96
96 23
23 160
160 23
23 224
224 23
23 288
288 23
23 296
296 23
23 304
304 23
23 512
512 23
23 556
556 23
23 576
576 23
23 588
588 23
23 912
912 23
23 960
960 23
24 35
35 24
24 51
51 24
24 67
67 24
24 75
75 24
24 103
103 24
24 131
131 24
24 259
259 24
24 355
355 24
24 395
395 24
24 527
527 24
24 531
531 24
24 643
643 24
24 775
775 24
24 779
779 24
24 795
795 24
25 34
34 25
25 66
66 25
25 130
130 25
25 514
514 25
25 518
518 25
25 546
546 25
25 550
550 25
25 586
586 25
25 642
642 25
25 674
674 25
25 774
774 25
25 802
802 25
25 866
866 25
26 33
33 26
26 41
41 26
26 97
97 26
26 105
105 26
26 161
161 26
26 197
197 26
26 205
205 26
26 257
257 26
26 265
265 26
26 269
269 26
26 277
277 26
26 289
289 26
26 321
321 26
26 325
325 26
26 385
385 26
26 449
449 26
26 521
521 26
26 577
577 26
26 581
581 26
26 833
833 26
27 40
40 27
27 64
64 27
27 128
128 27
27 132
132 27
27 196
196 27
27 244
244 27
27 256
256 27
27 272
272 27
27 324
324 27
27 644
644 27
27 688
688 27
27 704
704 27
27 768
768 27
27 864
864 27
27 928
928 27
28 35
35 28
28 259
259 28
28 315
315 28
28 771
771 28
28 803
803 28
29 82
82 29
29 106
106 29
29 262
262 29
29 282
282 29
29 402
402 29
29 546
546 29
30 65
65 30
30 101
101 30
30 129
129 30
30 225
225 30
30 257
257 30
30 577
577 30
30 833
833 30
31 136
136 31
31 224
224 31
31 256
256 31
31 272
272 31
31 288
288 31
31 652
652 31
31 656
656 31
31 688
688 31
31 768
768 31
32 43
43 32
32 51
51 32
32 107
107 32
32 131
131 32
32 135
135 32
32 155
155 32
32 159
159 32
32 171
171 32
32 195
195 32
32 199
199 32
32 259
259 32
32 263
263 32
32 267
267 32
32 271
271 32
32 275
275 32
32 303
303 32
32 323
323 32
32 331
331 32
32 383
383 32
32 387
387 32
32 403
403 32
32 415
415 32
32 455
455 32
32 459
459 32
32 515
515 32
32 519
519 32
32 523
523 32
32 547
547 32
32 579
579 32
32 643
643 32
32 651
651 32
32 659
659 32
32 723
723 32
32 771
771 32
32 779
779 32
32 883
883 32
32 903
903 32
32 907
907 32
33 50
50 33
33 54
54 33
33 58
58 33
33 66
66 33
33 70
70 33
33 74
74 33
33 90
90 33
33 102
102 33
33 114
114 33
33 130
130 33
33 134
134 33
33 146
146 33
33 182
182 33
33 190
190 33
33 194
194 33
33 210
210 33
33 218
218 33
33 226
226 33
33 262
262 33
33 282
282 33
33 290
290 33
33 294
294 33
33 306
306 33
33 322
322 33
33 334
334 33
33 346
346 33
33 358
358 33
33 370
370 33
33 386
386 33
33 406
406 33
33 454
454 33
33 458
458 33
33 466
466 33
33 514
514 33
33 518
518 33
33 530
530 33
33 586
586 33
33 642
642 33
33 674
674 33
33 778
778 33
33 786
786 33
33 794
794 33
33 834
834 33
33 850
850 33
33 890
890 33
33 898
898 33
33 902
902 33
34 41
41 34
34 45
45 34
34 49
49 34
34 53
53 34
34 65
65 34
34 101
101 34
34 129
129 34
34 137
137 34
34 145
145 34
34 161
161 34
34 169
169 34
34 197
197 34
34 257
257 34
34 265
265 34
34 313
313 34
34 321
321 34
34 329
329 34
34 337
337 34
34 369
369 34
34 385
385 34
34 409
409 34
34 437
437 34
34 465
465 34
34 513
513 34
34 517
517 34
34 529
529 34
34 537
537 34
34 545
545 34
34 565
565 34
34 577
577 34
34 621
621 34
34 645
645 34
34 673
673 34
34 705
705 34
34 769
769 34
34 773
773 34
34 785
785 34
34 801
801 34
34 817
817 34
34 849
849 34
35 48
48 35
35 64
64 35
35 68
68 35
35 72
72 35
35 80
80 35
35 132
132 35
35 136
136 35
35 156
156 35
35 192
192 35
35 208
208 35
35 256
256 35
35 260
260 35
35 272
272 35
35 288
288 35
35 324
324 35
35 348
348 35
35 384
384 35
35 396
396 35
35 416
416 35
35 512
512 35
35 516
516 35
35 524
524 35
35 528
528 35
35 536
536 35
35 576
576 35
35 580
580 35
35 640
640 35
35 644
644 35
35 648
648 35
35 660
660 35
35 664
664 35
35 704
704 35
35 740
740 35
35 776
776 35
35 928
928 35
35 992
992 35
36 131
131 36
36 147
147 36
36 159
159 36
36 195
195 36
36 227
227 36
36 259
259 36
36 323
323 36
36 355
355 36
36 419
419 36
36 531
531 36
36 771
771 36
36 819
819 36
37 90
90 37
37 138
138 37
37 146
146 37
37 150
150 37
37 162
162 37
37 194
194 37
37 198
198 37
37 258
258 37
37 338
338 37
37 386
386 37
37 514
514 37
37 522
522 37
37 618
618 37
37 770
770 37
38 65
65 38
38 81
81 38
38 97
97 38
38 129
129 38
38 257
257 38
38 273
273 38
38 289
289 38
38 293
293 38
38 325
325 38
38 385
385 38
38 481
481 38
38 521
521 38
38 529
529 38
38 537
537 38
38 777
777 38
38 785
785 38
38 789
789 38
38 897
897 38
39 64
64 39
39 72
72 39
39 96
96 39
39 160
160 39
39 208
208 39
39 256
256 39
39 260
260 39
39 268
268 39
39 272
272 39
39 288
288 39
39 384
384 39
39 520
520 39
39 576
576 39
39 584
584 39
39 592
592 39
39 704
704 39
39 712
712 39
39 864
864 39
40 71
71 40
40 131
131 40
40 195
195 40
40 211
211 40
40 259
259 40
40 267
267 40
40 435
435 40
40 483
483 40
40 515
515 40
40 519
519 40
40 599
599 40
40 643
643 40
40 771
771 40
40 775
775 40
41 42
42 41
41 66
66 41
41 70
70 41
41 74
74 41
41 106
106 41
41 130
130 41
41 230
230 41
41 266
266 41
41 278
278 41
41 282
282 41
41 290
290 41
41 514
514 41
41 550
550 41
41 562
562 41
41 566
566 41
41 942
942 41
42 65
65 42
42 129
129 42
42 137
137 42
42 233
233 42
42 261
261 42
42 265
265 42
42 325
325 42
42 337
337 42
42 389
389 42
42 405
405 42
42 425
425 42
42 577
577 42
42 597
597 42
43 48
48 43
43 64
64 43
43 72
72 43
43 96
96 43
43 128
128 43
43 160
160 43
43 216
216 43
43 288
288 43
43 320
320 43
43 404
404 43
43 408
408 43
43 516
516 43
43 544
544 43
43 576
576 43
43 688
688 43
43 736
736 43
44 99
99 44
44 259
259 44
45 50
50 45
45 66
66 45
45 354
354 45
45 514
514 45
45 774
774 45
46 145
145 46
46 645
645 46
46 801
801 46
47 136
136 47
47 320
320 47
47 384
384 47
47 416
416 47
47 640
640 47
48 67
67 48
48 131
131 48
48 147
147 48
48 195
195 48
48 243
243 48
48 259
259 48
48 267
267 48
48 275
275 48
48 287
287 48
48 395
395 48
48 423
423 48
48 515
515 48
48 591
591 48
48 611
611 48
48 643
643 48
48 675
675 48
48 771
771 48
48 899
899 48
49 54
54 49
49 66
66 49
49 70
70 49
49 94
94 49
49 134
134 49
49 166
166 49
49 194
194 49
49 262
262 49
49 274
274 49
49 354
354 49
49 450
450 49
49 474
474 49
49 546
546 49
49 706
706 49
49 834
834 49
49 898
898 49
50 57
57 50
50 65
65 50
50 129
129 50
50 161
161 50
50 201
201 50
50 257
257 50
50 281
281 50
50 385
385 50
50 393
393 50
50 409
409 50
50 513
513 50
50 517
517 50
50 525
525 50
50 553
553 50
50 577
577 50
50 581
581 50
50 641
641 50
50 673
673 50
50 681
681 50
50 705
705 50
50 713
713 50
50 769
769 50
50 913
913 50
50 929
929 50
51 64
64 51
51 96
96 51
51 112
112 51
51 140
140 51
51 224
224 51
51 256
256 51
51 528
528 51
51 608
608 51
51 640
640 51
51 644
644 51
51 776
776 51
51 852
852 51
52 67
67 52
52 107
107 52
52 163
163 52
52 515
515 52
52 651
651 52
52 659
659 52
53 274
274 53
53 290
290 53
53 514
514 53
53 706
706 53
53 710
710 53
53 754
754 53
53 962
962 53
54 81
81 54
54 897
897 54
55 128
128 55
55 200
200 55
55 460
460 55
55 472
472 55
55 528
528 55
55 920
920 55
56 403
403 56
56 519
519 56
56 531
531 56
56 691
691 56
56 811
811 56
57 130
130 57
57 390
390 57
57 582
582 57
57 650
650 57
57 774
774 57
58 73
73 58
58 129
129 58
58 817
817 58
59 200
200 59
59 256
256 59
59 296
296 59
59 340
340 59
61 98
98 61
62 273
273 62
62 385
385 62
62 545
545 62
63 256
256 63
64 67
67 64
64 71
71 64
64 75
75 64
64 79
79 64
64 83
83 64
64 99
99 64
64 115
115 64
64 131
131 64
64 135
135 64
64 139
139 64
64 147
147 64
64 155
155 64
64 163
163 64
64 167
167 64
64 227
227 64
64 259
259 64
64 267
267 64
64 271
271 64
64 279
279 64
64 339
339 64
64 351
351 64
64 387
387 64
64 399
399 64
64 419
419 64
64 423
423 64
64 459
459 64
64 531
531 64
64 543
543 64
64 547
547 64
64 551
551 64
64 563
563 64
64 579
579 64
64 599
599 64
64 643
643 64
64 771
771 64
64 851
851 64
65 74
74 65
65 86
86 65
65 90
90 65
65 98
98 65
65 106
106 65
65 130
130 65
65 134
134 65
65 138
138 65
65 142
142 65
65 150
150 65
65 162
162 65
65 166
166 65
65 198
198 65
65 210
210 65
65 214
214 65
65 226
226 65
65 258
258 65
65 274
274 65
65 306
306 65
65 322
322 65
65 330
330 65
65 358
358 65
65 386
386 65
65 394
394 65
65 398
398 65
65 406
406 65
65 410
410 65
65 514
514 65
65 518
518 65
65 522
522 65
65 526
526 65
65 530
530 65
65 534
534 65
65 538
538 65
65 546
546 65
65 550
550 65
65 554
554 65
65 562
562 65
65 578
578 65
65 598
598 65
65 606
606 65
65 610
610 65
65 658
658 65
65 674
674 65
65 714
714 65
65 742
742 65
65 794
794 65
66 73
73 66
66 97
97 66
66 129
129 66
66 133
133 66
66 145
145 66
66 149
149 66
66 153
153 66
66 161
161 66
66 177
177 66
66 181
181 66
66 193
193 66
66 197
197 66
66 201
201 66
66 257
257 66
66 261
261 66
66 265
265 66
66 273
273 66
66 305
305 66
66 321
321 66
66 369
369 66
66 385
385 66
66 389
389 66
66 417
417 66
66 421
421 66
66 433
433 66
66 513
513 66
66 517
517 66
66 521
521 66
66 525
525 66
66 529
529 66
66 541
541 66
66 545
545 66
66 553
553 66
66 589
589 66
66 641
641 66
66 657
657 66
66 665
665 66
66 705
705 66
66 769
769 66
66 929
929 66
66 961
961 66
67 80
80 67
67 92
92 67
67 100
100 67
67 128
128 67
67 132
132 67
67 136
136 67
67 160
160 67
67 192
192 67
67 256
256 67
67 268
268 67
67 276
276 67
67 320
320 67
67 364
364 67
67 384
384 67
67 392
392 67
67 424
424 67
67 516
516 67
67 520
520 67
67 532
532 67
67 544
544 67
67 592
592 67
67 644
644 67
67 664
664 67
67 768
768 67
67 772
772 67
67 780
780 67
67 816
816 67
67 896
896 67
68 83
83 68
68 115
115 68
68 131
131 68
68 171
171 68
68 195
195 68
68 263
263 68
68 267
267 68
68 279
279 68
68 483
483 68
68 515
515 68
68 531
531 68
68 543
543 68
68 567
567 68
68 579
579 68
68 651
651 68
68 795
795 68
68 907
907 68
69 70
70 69
69 134
134 69
69 138
138 69
69 146
146 69
69 258
258 69
69 266
266 69
69 290
290 69
69 314
314 69
69 370
370 69
69 386
386 69
69 390
390 69
69 418
418 69
69 514
514 69
69 538
538 69
69 658
658 69
69 770
770 69
70 129
129 70
70 161
161 70
70 193
193 70
70 197
197 70
70 225
225 70
70 513
513 70
70 865
865 70
71 96
96 71
71 148
148 71
71 256
256 71
71 288
288 71
71 328
328 71
71 392
392 71
71 400
400 71
71 548
548 71
71 640
640 71
71 672
672 71
71 768
768 71
72 79
79 72
72 99
99 72
72 139
139 72
72 195
195 72
72 211
211 72
72 215
215 72
72 263
263 72
72 315
315 72
72 323
323 72
72 355
355 72
72 387
387 72
72 395
395 72
72 523
523 72
72 535
535 72
72 547
547 72
72 583
583 72
72 771
771 72
72 819
819 72
73 154
154 73
73 198
198 73
73 258
258 73
73 262
262 73
73 266
266 73
73 274
274 73
73 278
278 73
73 514
514 73
73 642
642 73
73 694
694 73
73 778
778 73
73 786
786 73
74 77
77 74
74 81
81 74
74 97
97 74
74 133
133 74
74 137
137 74
74 273
273 74
74 329
329 74
74 337
337 74
74 389
389 74
74 425
425 74
74 513
513 74
74 533
533 74
74 557
557 74
74 769
769 74
75 144
144 75
75 164
164 75
75 260
260 75
75 272
272 75
75 292
292 75
75 552
552 75
75 692
692 75
75 768
768 75
75 820
820 75
75 896
896 75
75 928
928 75
76 135
135 76
76 291
291 76
76 683
683 76
76 995
995 76
77 82
82 77
77 130
130 77
77 514
514 77
77 534
534 77
78 817
817 78
79 256
256 79
79 536
536 79
79 776
776 79
80 131
131 80
80 139
139 80
80 143
143 80
80 167
167 80
80 259
259 80
80 515
515 80
80 523
523 80
80 527
527 80
80 611
611 80
80 631
631 80
80 643
643 80
80 707
707 80
80 899
899 80
80 935
935 80
81 82
82 81
81 134
134 81
81 138
138 81
81 194
194 81
81 226
226 81
81 258
258 81
81 262
262 81
81 298
298 81
81 302
302 81
81 518
518 81
81 522
522 81
81 742
742 81
81 770
770 81
81 898
898 81
82 133
133 82
82 153
153 82
82 165
165 82
82 257
257 82
82 265
265 82
82 273
273 82
82 289
289 82
82 385
385 82
82 513
513 82
82 521
521 82
82 561
561 82
82 577
577 82
82 581
581 82
82 609
609 82
82 705
705 82
82 769
769 82
83 84
84 83
83 128
128 83
83 256
256 83
83 356
356 83
83 512
512 83
83 516
516 83
83 648
648 83
83 676
676 83
83 680
680 83
84 131
131 84
84 135
135 84
84 259
259 84
84 515
515 84
85 162
162 85
85 210
210 85
85 258
258 85
85 266
266 85
85 450
450 85
85 514
514 85
85 770
770 85
86 97
97 86
86 197
197 86
86 257
257 86
86 265
265 86
86 549
549 86
87 96
96 87
87 136
136 87
87 448
448 87
87 516
516 87
87 680
680 87
88 131
131 88
88 135
135 88
88 291
291 88
88 459
459 88
88 515
515 88
88 519
519 88
89 130
130 89
89 146
146 89
90 141
141 90
90 257
257 90
90 453
453 90
90 577
577 90
90 641
641 90
90 789
789 90
91 144
144 91
91 400
400 91
91 544
544 91
91 584
584 91
92 131
131 92
93 210
210 93
93 514
514 93
94 129
129 94
95 240
240 95
95 280
280 95
95 900
900 95
96 107
107 96
96 131
131 96
96 211
211 96
96 275
275 96
96 279
279 96
96 399
399 96
96 523
523 96
96 587
587 96
96 775
775 96
96 899
899 96
96 903
903 96
96 967
967 96
97 98
98 97
97 130
130 97
97 134
134 97
97 218
218 97
97 266
266 97
97 386
386 97
97 518
518 97
97 546
546 97
97 722
722 97
97 786
786 97
97 970
970 97
98 161
161 98
98 165
165 98
98 193
193 98
98 261
261 98
98 265
265 98
98 273
273 98
98 281
281 98
98 289
289 98
98 297
297 98
98 305
305 98
98 309
309 98
98 317
317 98
98 469
469 98
98 505
505 98
98 513
513 98
98 561
561 98
98 581
581 98
98 657
657 98
99 128
128 99
99 132
132 99
99 160
160 99
99 192
192 99
99 256
256 99
99 308
308 99
99 320
320 99
99 384
384 99
99 388
388 99
99 512
512 99
99 640
640 99
99 672
672 99
99 768
768 99
100 167
167 100
100 263
263 100
100 387
387 100
100 867
867 100
100 899
899 100
101 530
530 101
102 129
129 102
102 145
145 102
102 385
385 102
102 897
897 102
103 224
224 103
103 272
272 103
103 328
328 103
103 520
520 103
104 263
263 104
104 327
327 104
104 515
515 104
104 643
643 104
104 771
771 104
105 262
262 105
105 346
346 105
105 514
514 105
106 261
261 106
106 289
289 106
106 401
401 106
106 609
609 106
106 1013
1013 106
107 192
192 107
107 512
512 107
107 516
516 107
108 167
167 108
108 323
323 108
110 641
641 110
111 516
516 111
111 544
544 111
112 259
259 112
112 291
291 112
112 423
423 112
112 515
515 112
112 555
555 112
112 579
579 112
112 775
775 112
113 134
134 113
113 306
306 113
113 386
386 113
113 426
426 113
113 522
522 113
113 770
770 113
114 513
513 114
114 649
649 114
115 132
132 115
115 328
328 115
115 384
384 115
115 512
512 115
115 532
532 115
116 403
403 116
117 218
218 117
117 258
258 117
118 273
273 118
119 768
768 119
121 130
130 121
121 834
834 121
123 284
284 123
123 512
512 123
123 528
528 123
123 740
740 123
124 131
131 124
126 497
497 126
128 131
131 128
128 135
135 128
128 155
155 128
128 163
163 128
128 167
167 128
128 187
187 128
128 199
199 128
128 259
259 128
128 263
263 128
128 267
267 128
128 283
283 128
128 323
323 128
128 339
339 128
128 355
355 128
128 359
359 128
128 395
395 128
128 403
403 128
128 491
491 128
128 515
515 128
128 571
571 128
128 579
579 128
128 623
623 128
128 643
643 128
128 839
839 128
128 899
899 128
128 915
915 128
128 923
923 128
128 971
971 128
129 130
130 129
129 134
134 129
129 138
138 129
129 146
146 129
129 242
242 129
129 258
258 129
129 270
270 129
129 282
282 129
129 286
286 129
129 294
294 129
129 298
298 129
129 322
322 129
129 330
330 129
129 370
370 129
129 406
406 129
129 514
514 129
129 518
518 129
129 522
522 129
129 526
526 129
129 546
546 129
129 550
550 129
129 554
554 129
129 586
586 129
129 642
642 129
129 650
650 129
129 658
658 129
129 774
774 129
129 850
850 129
129 898
898 129
130 133
133 130
130 137
137 130
130 145
145 130
130 161
161 130
130 201
201 130
130 257
257 130
130 285
285 130
130 289
289 130
130 305
305 130
130 321
321 130
130 325
325 130
130 377
377 130
130 385
385 130
130 449
449 130
130 513
513 130
130 521
521 130
130 545
545 130
130 577
577 130
130 581
581 130
130 609
609 130
130 649
649 130
130 653
653 130
130 785
785 130
130 817
817 130
130 833
833 130
130 881
881 130
130 897
897 130
131 136
136 131
131 160
160 131
131 176
176 131
131 256
256 131
131 260
260 131
131 264
264 131
131 268
268 131
131 272
272 131
131 276
276 131
131 296
296 131
131 304
304 131
131 320
320 131
131 392
392 131
131 404
404 131
131 408
408 131
131 420
420 131
131 436
436 131
131 512
512 131
131 516
516 131
131 520
520 131
131 524
524 131
131 528
528 131
131 532
532 131
131 544
544 131
131 552
552 131
131 564
564 131
131 596
596 131
131 608
608 131
131 640
640 131
131 652
652 131
131 672
672 131
131 768
768 131
131 776
776 131
131 808
808 131
131 836
836 131
131 844
844 131
131 864
864 131
131 904
904 131
132 139
139 132
132 147
147 132
132 167
167 132
132 195
195 132
132 259
259 132
132 263
263 132
132 291
291 132
132 315
315 132
132 515
515 132
132 547
547 132
132 567
567 132
132 583
583 132
132 611
611 132
132 663
663 132
132 675
675 132
132 803
803 132
132 811
811 132
133 138
138 133
133 258
258 133
133 306
306 133
133 322
322 133
133 402
402 133
133 426
426 133
133 514
514 133
133 578
578 133
133 646
646 133
133 706
706 133
133 794
794 133
134 193
193 134
134 257
257 134
134 261
261 134
134 329
329 134
134 529
529 134
134 577
577 134
134 837
837 134
134 857
857 134
134 865
865 134
135 196
196 135
135 228
228 135
135 256
256 135
135 272
272 135
135 288
288 135
135 292
292 135
135 304
304 135
135 448
448 135
135 512
512 135
135 524
524 135
135 528
528 135
135 552
552 135
135 560
560 135
135 576
576 135
135 580
580 135
135 644
644 135
135 648
648 135
135 800
800 135
135 920
920 135
136 163
163 136
136 179
179 136
136 259
259 136
136 291
291 136
136 391
391 136
136 451
451 136
136 483
483 136
136 523
523 136
136 615
615 136
136 739
739 136
136 755
755 136
136 771
771 136
137 258
258 137
137 262
262 137
137 270
270 137
137 290
290 137
137 386
386 137
137 426
426 137
137 514
514 137
137 610
610 137
137 774
774 137
138 165
165 138
138 205
205 138
138 217
217 138
138 261
261 138
138 305
305 138
138 521
521 138
138 833
833 138
139 160
160 139
139 176
176 139
139 240
240 139
139 256
256 139
139 328
328 139
139 404
404 139
139 488
488 139
139 512
512 139
139 516
516 139
139 528
528 139
139 544
544 139
139 564
564 139
139 784
784 139
139 840
840 139
139 864
864 139
140 387
387 140
140 403
403 140
140 515
515 140
140 579
579 140
141 386
386 141
141 534
534 141
141 546
546 141
141 654
654 141
141 786
786 141
142 257
257 142
142 513
513 142
143 448
448 143
143 512
512 143
143 528
528 143
144 147
147 144
144 167
167 144
144 183
183 144
144 195
195 144
144 259
259 144
144 279
279 144
144 327
327 144
144 335
335 144
144 515
515 144
144 579
579 144
144 643
643 144
144 659
659 144
144 775
775 144
145 146
146 145
145 150
150 145
145 162
162 145
145 274
274 145
145 570
570 145
145 738
738 145
145 778
778 145
145 902
902 145
146 161
161 146
146 201
201 146
146 233
233 146
146 269
269 146
146 281
281 146
146 325
325 146
146 337
337 146
146 645
645 146
146 705
705 146
146 797
797 146
146 857
857 146
147 176
176 147
147 320
320 147
147 400
400 147
147 544
544 147
147 552
552 147
147 640
640 147
147 780
780 147
147 880
880 147
148 187
187 148
148 211
211 148
148 587
587 148
149 306
306 149
149 514
514 149
150 385
385 150
150 513
513 150
150 581
581 150
151 264
264 151
151 348
348 151
151 388
388 151
151 452
452 151
151 776
776 151
152 307
307 152
152 523
523 152
152 547
547 152
153 390
390 153
154 177
177 154
154 257
257 154
155 296
296 155
155 544
544 155
155 640
640 155
155 672
672 155
156 323
323 156
156 579
579 156
157 322
322 157
158 225
225 158
158 273
273 158
158 577
577 158
158 641
641 158
158 897
897 158
159 256
256 159
160 267
267 160
160 327
327 160
160 331
331 160
160 419
419 160
160 451
451 160
160 515
515 160
160 643
643 160
160 771
771 160
160 791
791 160
161 198
198 161
161 210
210 161
161 262
262 161
161 338
338 161
161 366
366 161
161 514
514 161
161 534
534 161
161 538
538 161
161 578
578 161
161 610
610 161
161 642
642 161
162 513
513 162
162 517
517 162
162 533
533 162
162 549
549 162
162 577
577 162
162 593
593 162
162 601
601 162
162 769
769 162
163 164
164 163
163 168
168 163
163 192
192 163
163 256
256 163
163 576
576 163
163 596
596 163
163 624
624 163
163 640
640 163
163 784
784 163
163 1000
1000 163
164 259
259 164
164 547
547 164
164 643
643 164
165 274
274 165
165 322
322 165
165 514
514 165
166 285
285 166
166 333
333 166
166 593
593 166
167 256
256 167
167 512
512 167
167 592
592 167
167 656
656 167
167 836
836 167
168 267
267 168
168 323
323 168
168 519
519 168
168 663
663 168
169 174
174 169
169 258
258 169
169 354
354 169
169 598
598 169
170 261
261 170
170 513
513 170
170 769
769 170
171 192
192 171
171 244
244 171
171 384
384 171
171 536
536 171
171 580
580 171
171 896
896 171
172 263
263 172
174 209
209 174
174 337
337 174
174 533
533 174
176 515
515 176
177 258
258 177
177 290
290 177
177 534
534 177
177 930
930 177
178 257
257 178
179 516
516 179
179 788
788 179
180 323
323 180
180 391
391 180
180 423
423 180
180 519
519 180
181 358
358 181
181 514
514 181
181 522
522 181
182 257
257 182
183 280
280 183
183 760
760 183
184 899
899 184
185 290
290 185
185 770
770 185
186 193
193 186
186 641
641 186
189 226
226 189
189 786
786 189
191 520
520 191
192 227
227 192
192 451
451 192
192 515
515 192
192 611
611 192
193 266
266 193
193 322
322 193
193 386
386 193
193 514
514 193
193 526
526 193
193 578
578 193
193 582
582 193
193 770
770 193
193 786
786 193
193 834
834 193
194 257
257 194
194 273
273 194
194 333
333 194
194 385
385 194
194 529
529 194
194 545
545 194
194 549
549 194
194 717
717 194
194 769
769 194
194 905
905 194
195 196
196 195
195 312
312 195
195 328
328 195
195 384
384 195
195 512
512 195
195 640
640 195
195 656
656 195
195 704
704 195
195 912
912 195
196 323
323 196
196 587
587 196
197 202
202 197
197 258
258 197
197 538
538 197
198 261
261 198
198 277
277 198
198 497
497 198
198 513
513 198
198 529
529 198
198 569
569 198
198 657
657 198
199 260
260 199
199 384
384 199
199 512
512 199
199 528
528 199
199 640
640 199
200 295
295 200
200 315
315 200
200 531
531 200
201 518
518 201
201 522
522 201
201 538
538 201
202 517
517 202
203 288
288 203
203 384
384 203
203 768
768 203
204 515
515 204
205 258
258 205
205 290
290 205
206 513
513 206
208 667
667 208
208 771
771 208
209 290
290 209
209 410
410 209
209 514
514 209
210 265
265 210
210 393
393 210
210 545
545 210
210 713
713 210
211 512
512 211
211 580
580 211
212 267
267 212
213 294
294 213
214 677
677 214
216 227
227 216
216 387
387 216
216 547
547 216
218 513
513 218
219 344
344 219
219 512
512 219
220 275
275 220
224 519
519 224
225 258
258 225
225 266
266 225
225 274
274 225
225 330
330 225
225 522
522 225
225 538
538 225
225 642
642 225
226 321
321 226
226 513
513 226
228 259
259 228
229 258
258 229
229 778
778 229
231 260
260 231
232 519
519 232
233 514
514 233
233 546
546 233
241 522
522 241
242 641
641 242
242 649
649 242
243 256
256 243
243 264
264 243
244 515
515 244
246 537
537 246
247 896
896 247
256 263
263 256
256 267
267 256
256 275
275 256
256 331
331 256
256 371
371 256
256 419
419 256
256 515
515 256
256 523
523 256
256 539
539 256
256 547
547 256
256 579
579 256
256 643
643 256
256 651
651 256
256 675
675 256
256 695
695 256
256 799
799 256
256 835
835 256
256 867
867 256
256 899
899 256
257 258
258 257
257 262
262 257
257 266
266 257
257 274
274 257
257 282
282 257
257 290
290 257
257 310
310 257
257 386
386 257
257 402
402 257
257 514
514 257
257 530
530 257
257 546
546 257
257 550
550 257
257 578
578 257
257 626
626 257
257 642
642 257
257 682
682 257
257 706
706 257
257 770
770 257
257 802
802 257
257 910
910 257
258 261
261 258
258 265
265 258
258 273
273 258
258 317
317 258
258 321
321 258
258 385
385 258
258 397
397 258
258 429
429 258
258 513
513 258
258 521
521 258
258 541
541 258
258 545
545 258
258 549
549 258
258 577
577 258
258 589
589 258
258 609
609 258
258 613
613 258
258 625
625 258
258 709
709 258
258 769
769 258
258 777
777 258
258 781
781 258
258 789
789 258
258 833
833 258
258 837
837 258
258 865
865 258
259 344
344 259
259 384
384 259
259 392
392 259
259 396
396 259
259 420
420 259
259 516
516 259
259 548
548 259
259 592
592 259
259 616
616 259
259 720
720 259
259 768
768 259
259 832
832 259
260 267
267 260
260 291
291 260
260 435
435 260
260 463
463 260
260 515
515 260
260 579
579 260
260 595
595 260
260 611
611 260
260 803
803 260
261 290
290 261
261 386
386 261
261 518
518 261
261 618
618 261
261 642
642 261
261 674
674 261
262 305
305 262
262 309
309 262
262 517
517 262
262 533
533 262
262 549
549 262
262 569
569 262
262 577
577 262
262 593
593 262
262 609
609 262
262 617
617 262
262 785
785 262
263 264
264 263
263 324
324 263
263 512
512 263
263 584
584 263
263 644
644 263
263 652
652 263
263 880
880 263
263 968
968 263
264 323
323 264
264 355
355 264
264 391
391 264
264 531
531 264
264 555
555 264
264 583
583 264
264 643
643 264
264 787
787 264
265 278
278 265
265 450
450 265
265 482
482 265
265 514
514 265
265 518
518 265
265 530
530 265
265 534
534 265
265 614
614 265
265 642
642 265
265 770
770 265
265 898
898 265
266 289
289 266
266 313
313 266
266 385
385 266
266 449
449 266
266 549
549 266
266 557
557 266
266 657
657 266
266 673
673 266
266 769
769 266
266 813
813 266
266 825
825 266
267 272
272 267
267 288
288 267
267 512
512 267
267 516
516 267
267 624
624 267
267 880
880 267
268 515
515 268
268 579
579 268
268 611
611 268
268 639
639 268
269 730
730 269
270 577
577 270
270 585
585 270
270 705
705 270
271 272
272 271
271 324
324 271
271 420
420 271
272 347
347 272
272 387
387 272
272 403
403 272
272 523
523 272
272 551
551 272
272 903
903 272
273 322
322 273
273 330
330 273
273 390
390 273
273 466
466 273
273 562
562 273
273 642
642 273
273 646
646 273
273 818
818 273
274 353
353 274
274 385
385 274
274 517
517 274
274 549
549 274
274 557
557 274
274 561
561 274
274 593
593 274
274 641
641 274
274 705
705 274
274 717
717 274
274 769
769 274
275 516
516 275
275 520
520 275
275 528
528 275
275 628
628 275
275 640
640 275
275 652
652 275
275 768
768 275
275 832
832 275
276 531
531 276
276 579
579 276
276 683
683 276
277 354
354 277
277 530
530 277
277 898
898 277
278 289
289 278
278 329
329 278
278 385
385 278
278 433
433 278
278 961
961 278
280 391
391 280
280 427
427 280
280 515
515 280
281 558
558 281
281 582
582 281
281 642
642 281
282 309
309 282
282 409
409 282
282 725
725 282
282 869
869 282
283 292
292 283
283 520
520 283
283 576
576 283
283 688
688 283
284 519
519 284
284 679
679 284
284 835
835 284
286 641
641 286
288 323
323 288
288 443
443 288
288 515
515 288
288 523
523 288
288 527
527 288
288 555
555 288
288 579
579 288
288 647
647 288
288 707
707 288
288 771
771 288
288 839
839 288
288 899
899 288
288 919
919 288
289 386
386 289
289 390
390 289
289 394
394 289
289 450
450 289
289 514
514 289
289 518
518 289
289 522
522 289
289 526
526 289
289 582
582 289
290 321
321 290
290 393
393 290
290 529
529 290
290 545
545 290
290 641
641 290
290 677
677 290
290 705
705 290
290 721
721 290
291 328
328 291
291 416
416 291
291 512
512 291
291 532
532 291
291 584
584 291
291 624
624 291
291 640
640 291
291 772
772 291
291 808
808 291
292 515
515 292
292 707
707 292
293 514
514 293
293 598
598 293
293 610
610 293
293 778
778 293
294 545
545 294
294 649
649 294
294 721
721 294
294 897
897 294
296 387
387 296
296 403
403 296
296 531
531 296
296 563
563 296
296 647
647 296
297 514
514 297
297 550
550 297
298 593
593 298
299 708
708 299
299 932
932 299
303 644
644 303
303 660
660 303
304 515
515 304
305 706
706 305
306 361
361 306
306 549
549 306
307 352
352 307
307 612
612 307
308 499
499 308
308 531
531 308
308 539
539 308
309 590
590 309
310 513
513 310
310 525
525 310
311 516
516 311
313 514
514 313
313 522
522 313
315 512
512 315
315 836
836 315
316 323
323 316
318 517
517 318
318 577
577 318
318 861
861 318
319 552
552 319
320 515
515 320
320 523
523 320
320 527
527 320
320 547
547 320
320 635
635 320
321 338
338 321
321 382
382 321
321 394
394 321
321 518
518 321
321 522
522 321
321 526
526 321
321 858
858 321
322 577
577 322
322 641
641 322
322 769
769 322
322 961
961 322
323 328
328 323
323 536
536 323
324 515
515 324
324 523
523 324
324 587
587 324
324 803
803 324
325 354
354 325
325 578
578 325
325 586
586 325
325 970
970 325
326 513
513 326
326 549
549 326
327 776
776 327
328 515
515 328
328 771
771 328
329 534
534 329
330 585
585 330
331 512
512 331
331 648
648 331
331 664
664 331
331 796
796 331
332 403
403 332
333 526
526 333
333 530
530 333
335 384
384 335
336 515
515 336
337 346
346 337
337 546
546 337
338 529
529 338
338 641
641 338
338 709
709 338
341 706
706 341
343 512
512 343
346 357
357 346
347 512
512 347
351 800
800 351
352 467
467 352
352 523
523 352
354 433
433 354
354 561
561 354
354 769
769 354
355 384
384 355
355 520
520 355
355 544
544 355
356 835
835 356
357 898
898 357
360 643
643 360
361 514
514 361
361 930
930 361
362 657
657 362
363 560
560 363
367 512
512 367
369 518
518 369
384 515
515 384
384 547
547 384
384 579
579 384
384 611
611 384
384 707
707 384
385 394
394 385
385 418
418 385
385 518
518 385
385 530
530 385
385 774
774 385
386 521
521 386
386 537
537 386
386 593
593 386
386 649
649 386
386 785
785 386
387 516
516 387
387 528
528 387
387 564
564 387
387 576
576 387
387 580
580 387
387 624
624 387
387 688
688 387
388 519
519 388
389 518
518 389
389 586
586 389
390 969
969 390
391 512
512 391
391 744
744 391
392 479
479 392
392 515
515 392
392 519
519 392
392 563
563 392
392 595
595 392
392 683
683 392
393 514
514 393
393 578
578 393
393 938
938 393
394 513
513 394
395 844
844 395
396 771
771 396
399 512
512 399
400 587
587 400
400 671
671 400
400 771
771 400
400 775
775 400
400 839
839 400
401 514
514 401
402 513
513 402
402 645
645 402
403 648
648 403
403 720
720 403
405 706
706 405
406 865
865 406
407 896
896 407
410 545
545 410
410 769
769 410
411 528
528 411
416 775
775 416
417 850
850 417
418 513
513 418
418 521
521 418
418 673
673 418
419 532
532 419
419 656
656 419
420 775
775 420
421 586
586 421
424 575
575 424
426 773
773 426
427 448
448 427
428 571
571 428
430 665
665 430
432 515
515 432
437 538
538 437
438 577
577 438
439 792
792 439
448 455
455 448
448 515
515 448
448 803
803 448
449 518
518 449
449 706
706 449
451 540
540 451
451 816
816 451
454 513
513 454
455 512
512 455
462 513
513 462
464 531
531 464
470 649
649 470
474 537
537 474
480 559
559 480
483 672
672 483
486 525
525 486
487 552
552 487
490 585
585 490
498 513
513 498
512 515
515 512
512 531
531 512
512 547
547 512
512 555
555 512
512 579
579 512
512 663
663 512
512 687
687 512
512 707
707 512
512 771
771 512
512 787
787 512
512 799
799 512
512 899
899 512
512 903
903 512
513 514
514 513
513 518
518 513
513 522
522 513
513 530
530 513
513 546
546 513
513 674
674 513
513 706
706 513
513 722
722 513
513 770
770 513
513 778
778 513
514 521
521 514
514 529
529 514
514 545
545 514
514 549
549 514
514 577
577 514
514 581
581 514
514 605
605 514
514 609
609 514
514 645
645 514
514 673
673 514
514 897
897 514
515 520
520 515
515 536
536 515
515 564
564 515
515 576
576 515
515 580
580 515
515 584
584 515
515 600
600 515
515 612
612 515
515 708
708 515
515 768
768 515
516 519
519 516
516 543
543 516
516 547
547 516
516 611
611 516
516 807
807 516
518 525
525 518
518 577
577 518
518 821
821 518
519 520
520 519
519 576
576 519
519 648
648 519
519 660
660 519
519 908
908 519
520 643
643 520
520 771
771 520
521 530
530 521
521 542
542 521
521 562
562 521
521 778
778 521
521 834
834 521
522 769
769 522
523 528
528 523
523 544
544 523
523 576
576 523
523 672
672 523
525 586
586 525
526 561
561 526
526 569
569 526
527 964
964 527
528 643
643 528
529 682
682 529
529 770
770 529
530 801
801 530
531 596
596 531
531 640
640 531
531 708
708 531
532 551
551 532
533 574
574 533
536 567
567 536
537 806
806 537
538 581
581 538
540 647
647 540
541 614
614 541
541 782
782 541
544 547
547 544
544 619
619 544
544 687
687 544
544 771
771 544
544 791
791 544
545 578
578 545
545 610
610 545
545 642
642 545
545 654
654 545
545 798
798 545
546 569
569 546
546 845
845 546
547 592
592 547
547 600
600 547
547 720
720 547
547 776
776 547
547 784
784 547
548 983
983 548
549 642
642 549
550 737
737 550
551 772
772 551
552 643
643 552
553 570
570 553
559 780
780 559
560 915
915 560
561 878
878 561
562 585
585 562
562 613
613 562
564 611
611 564
567 816
816 567
576 643
643 576
576 707
707 576
576 787
787 576
576 915
915 576
577 622
622 577
577 770
770 577
578 641
641 578
578 645
645 578
578 705
705 578
578 777
777 578
578 881
881 578
578 961
961 578
579 744
744 579
579 768
768 579
581 770
770 581
582 897
897 582
583 812
812 583
584 771
771 584
587 660
660 587
587 900
900 587
590 673
673 590
593 778
778 593
596 643
643 596
598 901
901 598
599 640
640 599
608 795
795 608
608 839
839 608
616 759
759 616
640 771
771 640
640 779
779 640
640 787
787 640
640 827
827 640
641 658
658 641
641 978
978 641
642 777
777 642
642 781
781 642
642 817
817 642
642 857
857 642
643 772
772 643
645 650
650 645
646 753
753 646
646 937
937 646
647 960
960 647
648 719
719 648
653 882
882 653
658 837
837 658
658 961
961 658
663 696
696 663
666 817
817 666
667 768
768 667
670 833
833 670
672 819
819 672
673 914
914 673
677 778
778 677
677 898
898 677
723 960
960 723
725 770
770 725
737 770
770 737
755 776
776 755
769 834
834 769
773 834
834 773
777 914
914 777
787 832
832 787
787 928
928 787
800 823
823 800
803 816
816 803
