0 4
4 0
0 8
8 0
0 12
12 0
0 16
16 0
0 20
20 0
0 24
24 0
0 28
28 0
0 32
32 0
0 36
36 0
0 40
40 0
0 44
44 0
0 48
48 0
0 52
52 0
0 56
56 0
0 64
64 0
0 68
68 0
0 72
72 0
0 76
76 0
0 80
80 0
0 84
84 0
0 88
88 0
0 92
92 0
0 96
96 0
0 100
100 0
0 104
104 0
0 108
108 0
0 112
112 0
0 116
116 0
0 120
120 0
0 128
128 0
0 132
132 0
0 136
136 0
0 140
140 0
0 144
144 0
0 148
148 0
0 152
152 0
0 156
156 0
0 160
160 0
0 164
164 0
0 168
168 0
0 172
172 0
0 176
176 0
0 180
180 0
0 184
184 0
0 188
188 0
0 192
192 0
0 196
196 0
0 200
200 0
0 204
204 0
0 208
208 0
0 216
216 0
0 220
220 0
0 224
224 0
0 228
228 0
0 236
236 0
0 240
240 0
0 248
248 0
0 256
256 0
0 260
260 0
0 264
264 0
0 268
268 0
0 272
272 0
0 276
276 0
0 280
280 0
0 284
284 0
0 288
288 0
0 292
292 0
0 296
296 0
0 300
300 0
0 304
304 0
0 308
308 0
0 312
312 0
0 320
320 0
0 324
324 0
0 328
328 0
0 332
332 0
0 336
336 0
0 340
340 0
0 344
344 0
0 348
348 0
0 352
352 0
0 356
356 0
0 360
360 0
0 364
364 0
0 368
368 0
0 376
376 0
0 384
384 0
0 388
388 0
0 392
392 0
0 400
400 0
0 404
404 0
0 408
408 0
0 412
412 0
0 416
416 0
0 420
420 0
0 424
424 0
0 428
428 0
0 436
436 0
0 440
440 0
0 448
448 0
0 452
452 0
0 456
456 0
0 464
464 0
0 472
472 0
0 480
480 0
0 484
484 0
0 488
488 0
0 512
512 0
0 516
516 0
0 520
520 0
0 524
524 0
0 528
528 0
0 532
532 0
0 536
536 0
0 540
540 0
0 544
544 0
0 548
548 0
0 552
552 0
0 556
556 0
0 560
560 0
0 564
564 0
0 568
568 0
0 572
572 0
0 576
576 0
0 580
580 0
0 584
584 0
0 588
588 0
0 592
592 0
0 596
596 0
0 600
600 0
0 608
608 0
0 612
612 0
0 616
616 0
0 620
620 0
0 624
624 0
0 628
628 0
0 640
640 0
0 644
644 0
0 648
648 0
0 652
652 0
0 656
656 0
0 660
660 0
0 664
664 0
0 672
672 0
0 676
676 0
0 692
692 0
0 704
704 0
0 708
708 0
0 712
712 0
0 720
720 0
0 728
728 0
0 736
736 0
0 744
744 0
0 752
752 0
0 768
768 0
0 772
772 0
0 776
776 0
0 780
780 0
0 784
784 0
0 788
788 0
0 792
792 0
0 796
796 0
0 800
800 0
0 804
804 0
0 808
808 0
0 812
812 0
0 816
816 0
0 824
824 0
0 828
828 0
0 832
832 0
0 836
836 0
0 840
840 0
0 848
848 0
0 852
852 0
0 864
864 0
0 868
868 0
0 872
872 0
0 880
880 0
0 884
884 0
0 888
888 0
0 896
896 0
0 900
900 0
0 904
904 0
0 912
912 0
0 916
916 0
0 920
920 0
0 928
928 0
0 932
932 0
0 936
936 0
0 940
940 0
0 944
944 0
0 948
948 0
0 952
952 0
0 960
960 0
0 964
964 0
0 968
968 0
0 976
976 0
0 984
984 0
0 992
992 0
0 1008
1008 0
0 1012
1012 0
1 5
5 1
1 9
9 1
1 13
13 1
1 17
17 1
1 21
21 1
1 25
25 1
1 33
33 1
1 41
41 1
1 45
45 1
1 53
53 1
1 61
61 1
1 65
65 1
1 69
69 1
1 81
81 1
1 85
85 1
1 97
97 1
1 105
105 1
1 125
125 1
1 129
129 1
1 133
133 1
1 145
145 1
1 149
149 1
1 153
153 1
1 161
161 1
1 169
169 1
1 185
185 1
1 193
193 1
1 209
209 1
1 213
213 1
1 237
237 1
1 257
257 1
1 261
261 1
1 265
265 1
1 269
269 1
1 273
273 1
1 277
277 1
1 289
289 1
1 293
293 1
1 297
297 1
1 305
305 1
1 321
321 1
1 325
325 1
1 329
329 1
1 337
337 1
1 345
345 1
1 357
357 1
1 385
385 1
1 405
405 1
1 421
421 1
1 425
425 1
1 513
513 1
1 517
517 1
1 521
521 1
1 529
529 1
1 533
533 1
1 545
545 1
1 577
577 1
1 581
581 1
1 593
593 1
1 601
601 1
1 621
621 1
1 649
649 1
1 673
673 1
1 677
677 1
1 721
721 1
1 769
769 1
1 773
773 1
1 801
801 1
1 809
809 1
1 821
821 1
1 833
833 1
1 841
841 1
1 865
865 1
1 897
897 1
2 6
6 2
2 10
10 2
2 14
14 2
2 18
18 2
2 22
22 2
2 26
26 2
2 34
34 2
2 38
38 2
2 42
42 2
2 46
46 2
2 50
50 2
2 58
58 2
2 66
66 2
2 74
74 2
2 78
78 2
2 82
82 2
2 86
86 2
2 94
94 2
2 106
106 2
2 126
126 2
2 130
130 2
2 134
134 2
2 138
138 2
2 142
142 2
2 150
150 2
2 154
154 2
2 162
162 2
2 170
170 2
2 194
194 2
2 202
202 2
2 210
210 2
2 258
258 2
2 262
262 2
2 266
266 2
2 270
270 2
2 274
274 2
2 278
278 2
2 286
286 2
2 290
290 2
2 294
294 2
2 322
322 2
2 326
326 2
2 338
338 2
2 350
350 2
2 374
374 2
2 386
386 2
2 402
402 2
2 418
418 2
2 426
426 2
2 438
438 2
2 458
458 2
2 506
506 2
2 514
514 2
2 518
518 2
2 522
522 2
2 526
526 2
2 530
530 2
2 534
534 2
2 538
538 2
2 546
546 2
2 562
562 2
2 574
574 2
2 578
578 2
2 582
582 2
2 594
594 2
2 610
610 2
2 642
642 2
2 682
682 2
2 710
710 2
2 714
714 2
2 730
730 2
2 770
770 2
2 786
786 2
2 794
794 2
2 802
802 2
2 814
814 2
2 834
834 2
2 870
870 2
3 11
11 3
3 15
15 3
3 19
19 3
3 23
23 3
3 39
39 3
3 51
51 3
3 67
67 3
3 131
131 3
3 167
167 3
3 259
259 3
3 263
263 3
3 275
275 3
3 295
295 3
3 455
455 3
3 771
771 3
3 899
899 3
3 907
907 3
4 8
8 4
4 12
12 4
4 16
16 4
4 20
20 4
4 24
24 4
4 28
28 4
4 32
32 4
4 36
36 4
4 40
40 4
4 44
44 4
4 48
48 4
4 52
52 4
4 60
60 4
4 64
64 4
4 68
68 4
4 72
72 4
4 80
80 4
4 84
84 4
4 88
88 4
4 96
96 4
4 104
104 4
4 108
108 4
4 112
112 4
4 120
120 4
4 128
128 4
4 132
132 4
4 136
136 4
4 144
144 4
4 148
148 4
4 152
152 4
4 160
160 4
4 164
164 4
4 168
168 4
4 176
176 4
4 184
184 4
4 192
192 4
4 196
196 4
4 200
200 4
4 204
204 4
4 208
208 4
4 216
216 4
4 224
224 4
4 256
256 4
4 260
260 4
4 264
264 4
4 268
268 4
4 272
272 4
4 276
276 4
4 280
280 4
4 284
284 4
4 288
288 4
4 292
292 4
4 296
296 4
4 304
304 4
4 308
308 4
4 316
316 4
4 320
320 4
4 324
324 4
4 328
328 4
4 332
332 4
4 336
336 4
4 344
344 4
4 348
348 4
4 352
352 4
4 356
356 4
4 360
360 4
4 384
384 4
4 396
396 4
4 400
400 4
4 404
404 4
4 408
408 4
4 416
416 4
4 448
448 4
4 452
452 4
4 456
456 4
4 464
464 4
4 468
468 4
4 488
488 4
4 512
512 4
4 516
516 4
4 520
520 4
4 524
524 4
4 528
528 4
4 532
532 4
4 536
536 4
4 544
544 4
4 548
548 4
4 552
552 4
4 556
556 4
4 560
560 4
4 568
568 4
4 576
576 4
4 580
580 4
4 584
584 4
4 588
588 4
4 592
592 4
4 600
600 4
4 608
608 4
4 616
616 4
4 624
624 4
4 640
640 4
4 644
644 4
4 648
648 4
4 652
652 4
4 656
656 4
4 664
664 4
4 668
668 4
4 672
672 4
4 680
680 4
4 688
688 4
4 704
704 4
4 708
708 4
4 712
712 4
4 720
720 4
4 740
740 4
4 768
768 4
4 772
772 4
4 776
776 4
4 796
796 4
4 800
800 4
4 816
816 4
4 832
832 4
4 836
836 4
4 840
840 4
4 852
852 4
4 864
864 4
4 896
896 4
4 900
900 4
4 904
904 4
4 912
912 4
4 920
920 4
4 928
928 4
4 932
932 4
4 948
948 4
4 1000
1000 4
5 9
9 5
5 13
13 5
5 17
17 5
5 21
21 5
5 25
25 5
5 33
33 5
5 37
37 5
5 69
69 5
5 81
81 5
5 101
101 5
5 129
129 5
5 133
133 5
5 165
165 5
5 193
193 5
5 209
209 5
5 217
217 5
5 257
257 5
5 261
261 5
5 321
321 5
5 385
385 5
5 389
389 5
5 481
481 5
5 513
513 5
5 593
593 5
5 661
661 5
5 673
673 5
5 705
705 5
5 741
741 5
5 881
881 5
5 913
913 5
6 10
10 6
6 34
34 6
6 38
38 6
6 50
50 6
6 54
54 6
6 90
90 6
6 130
130 6
6 150
150 6
6 154
154 6
6 162
162 6
6 258
258 6
6 262
262 6
6 270
270 6
6 278
278 6
6 322
322 6
6 386
386 6
6 422
422 6
6 498
498 6
6 518
518 6
6 538
538 6
6 582
582 6
6 610
610 6
6 642
642 6
6 658
658 6
6 734
734 6
6 738
738 6
6 770
770 6
6 790
790 6
6 938
938 6
6 962
962 6
6 1002
1002 6
7 19
19 7
7 267
267 7
7 275
275 7
7 643
643 7
7 759
759 7
7 779
779 7
8 12
12 8
8 16
16 8
8 20
20 8
8 24
24 8
8 28
28 8
8 32
32 8
8 36
36 8
8 40
40 8
8 48
48 8
8 52
52 8
8 56
56 8
8 60
60 8
8 64
64 8
8 68
68 8
8 72
72 8
8 76
76 8
8 80
80 8
8 84
84 8
8 88
88 8
8 92
92 8
8 96
96 8
8 100
100 8
8 104
104 8
8 108
108 8
8 112
112 8
8 116
116 8
8 120
120 8
8 128
128 8
8 132
132 8
8 136
136 8
8 140
140 8
8 144
144 8
8 152
152 8
8 156
156 8
8 160
160 8
8 164
164 8
8 168
168 8
8 172
172 8
8 176
176 8
8 188
188 8
8 192
192 8
8 196
196 8
8 200
200 8
8 204
204 8
8 208
208 8
8 212
212 8
8 256
256 8
8 260
260 8
8 264
264 8
8 268
268 8
8 272
272 8
8 276
276 8
8 280
280 8
8 284
284 8
8 288
288 8
8 296
296 8
8 300
300 8
8 304
304 8
8 308
308 8
8 320
320 8
8 324
324 8
8 328
328 8
8 332
332 8
8 336
336 8
8 340
340 8
8 352
352 8
8 356
356 8
8 368
368 8
8 376
376 8
8 384
384 8
8 388
388 8
8 392
392 8
8 396
396 8
8 400
400 8
8 408
408 8
8 416
416 8
8 440
440 8
8 448
448 8
8 452
452 8
8 464
464 8
8 468
468 8
8 480
480 8
8 496
496 8
8 512
512 8
8 516
516 8
8 520
520 8
8 524
524 8
8 528
528 8
8 532
532 8
8 536
536 8
8 540
540 8
8 544
544 8
8 548
548 8
8 552
552 8
8 556
556 8
8 560
560 8
8 564
564 8
8 576
576 8
8 580
580 8
8 584
584 8
8 592
592 8
8 596
596 8
8 600
600 8
8 612
612 8
8 640
640 8
8 644
644 8
8 656
656 8
8 660
660 8
8 672
672 8
8 676
676 8
8 704
704 8
8 708
708 8
8 712
712 8
8 724
724 8
8 732
732 8
8 736
736 8
8 740
740 8
8 768
768 8
8 772
772 8
8 776
776 8
8 784
784 8
8 788
788 8
8 800
800 8
8 816
816 8
8 832
832 8
8 836
836 8
8 844
844 8
8 848
848 8
8 852
852 8
8 864
864 8
8 896
896 8
8 912
912 8
8 916
916 8
8 928
928 8
8 944
944 8
8 960
960 8
8 1008
1008 8
9 13
13 9
9 17
17 9
9 21
21 9
9 33
33 9
9 65
65 9
9 73
73 9
9 81
81 9
9 89
89 9
9 101
101 9
9 125
125 9
9 129
129 9
9 133
133 9
9 145
145 9
9 149
149 9
9 157
157 9
9 193
193 9
9 241
241 9
9 257
257 9
9 261
261 9
9 273
273 9
9 289
289 9
9 313
313 9
9 321
321 9
9 357
357 9
9 369
369 9
9 385
385 9
9 393
393 9
9 401
401 9
9 513
513 9
9 521
521 9
9 577
577 9
9 649
649 9
9 833
833 9
9 929
929 9
10 22
22 10
10 26
26 10
10 34
34 10
10 38
38 10
10 50
50 10
10 62
62 10
10 66
66 10
10 74
74 10
10 90
90 10
10 102
102 10
10 106
106 10
10 130
130 10
10 146
146 10
10 194
194 10
10 258
258 10
10 262
262 10
10 266
266 10
10 274
274 10
10 290
290 10
10 298
298 10
10 302
302 10
10 322
322 10
10 518
518 10
10 534
534 10
10 546
546 10
10 554
554 10
10 570
570 10
10 578
578 10
10 594
594 10
10 642
642 10
10 658
658 10
10 842
842 10
10 922
922 10
11 27
27 11
12 16
16 12
12 20
20 12
12 24
24 12
12 32
32 12
12 36
36 12
12 40
40 12
12 48
48 12
12 52
52 12
12 56
56 12
12 64
64 12
12 68
68 12
12 72
72 12
12 80
80 12
12 84
84 12
12 96
96 12
12 100
100 12
12 112
112 12
12 116
116 12
12 128
128 12
12 136
136 12
12 144
144 12
12 148
148 12
12 152
152 12
12 160
160 12
12 192
192 12
12 200
200 12
12 204
204 12
12 212
212 12
12 256
256 12
12 260
260 12
12 264
264 12
12 272
272 12
12 276
276 12
12 288
288 12
12 296
296 12
12 320
320 12
12 324
324 12
12 328
328 12
12 340
340 12
12 352
352 12
12 356
356 12
12 384
384 12
12 392
392 12
12 416
416 12
12 436
436 12
12 448
448 12
12 472
472 12
12 512
512 12
12 516
516 12
12 528
528 12
12 532
532 12
12 544
544 12
12 552
552 12
12 576
576 12
12 584
584 12
12 592
592 12
12 608
608 12
12 624
624 12
12 648
648 12
12 664
664 12
12 672
672 12
12 716
716 12
12 768
768 12
12 776
776 12
12 784
784 12
12 792
792 12
12 816
816 12
12 832
832 12
12 840
840 12
12 848
848 12
12 864
864 12
12 880
880 12
12 908
908 12
12 928
928 12
12 960
960 12
13 33
33 13
13 37
37 13
13 49
49 13
13 65
65 13
13 73
73 13
13 129
129 13
13 137
137 13
13 145
145 13
13 257
257 13
13 273
273 13
13 289
289 13
13 297
297 13
13 333
333 13
13 385
385 13
14 42
42 14
14 58
58 14
14 130
130 14
14 258
258 14
14 338
338 14
14 410
410 14
14 546
546 14
14 578
578 14
16 20
20 16
16 24
24 16
16 28
28 16
16 32
32 16
16 36
36 16
16 40
40 16
16 48
48 16
16 52
52 16
16 60
60 16
16 64
64 16
16 68
68 16
16 72
72 16
16 76
76 16
16 80
80 16
16 84
84 16
16 88
88 16
16 96
96 16
16 100
100 16
16 104
104 16
16 116
116 16
16 120
120 16
16 128
128 16
16 132
132 16
16 136
136 16
16 140
140 16
16 144
144 16
16 148
148 16
16 152
152 16
16 156
156 16
16 160
160 16
16 164
164 16
16 168
168 16
16 172
172 16
16 176
176 16
16 180
180 16
16 192
192 16
16 196
196 16
16 200
200 16
16 204
204 16
16 208
208 16
16 216
216 16
16 224
224 16
16 228
228 16
16 232
232 16
16 240
240 16
16 256
256 16
16 260
260 16
16 264
264 16
16 268
268 16
16 272
272 16
16 276
276 16
16 288
288 16
16 292
292 16
16 296
296 16
16 304
304 16
16 308
308 16
16 312
312 16
16 316
316 16
16 320
320 16
16 324
324 16
16 328
328 16
16 336
336 16
16 344
344 16
16 348
348 16
16 352
352 16
16 368
368 16
16 376
376 16
16 384
384 16
16 388
388 16
16 392
392 16
16 396
396 16
16 400
400 16
16 408
408 16
16 416
416 16
16 420
420 16
16 428
428 16
16 432
432 16
16 440
440 16
16 448
448 16
16 456
456 16
16 468
468 16
16 504
504 16
16 512
512 16
16 516
516 16
16 520
520 16
16 524
524 16
16 528
528 16
16 532
532 16
16 536
536 16
16 540
540 16
16 544
544 16
16 548
548 16
16 560
560 16
16 564
564 16
16 576
576 16
16 580
580 16
16 584
584 16
16 588
588 16
16 592
592 16
16 608
608 16
16 616
616 16
16 624
624 16
16 632
632 16
16 640
640 16
16 644
644 16
16 648
648 16
16 652
652 16
16 656
656 16
16 660
660 16
16 664
664 16
16 672
672 16
16 680
680 16
16 688
688 16
16 692
692 16
16 704
704 16
16 708
708 16
16 712
712 16
16 720
720 16
16 728
728 16
16 768
768 16
16 772
772 16
16 776
776 16
16 780
780 16
16 784
784 16
16 792
792 16
16 800
800 16
16 804
804 16
16 816
816 16
16 820
820 16
16 824
824 16
16 832
832 16
16 836
836 16
16 856
856 16
16 864
864 16
16 872
872 16
16 896
896 16
16 900
900 16
16 908
908 16
16 912
912 16
16 916
916 16
16 936
936 16
16 960
960 16
16 992
992 16
16 996
996 16
16 1000
1000 16
17 33
33 17
17 37
37 17
17 49
49 17
17 65
65 17
17 81
81 17
17 105
105 17
17 113
113 17
17 129
129 17
17 185
185 17
17 197
197 17
17 205
205 17
17 209
209 17
17 257
257 17
17 261
261 17
17 297
297 17
17 305
305 17
17 321
321 17
17 385
385 17
17 513
513 17
17 521
521 17
17 529
529 17
17 553
553 17
17 585
585 17
17 593
593 17
17 673
673 17
17 769
769 17
17 773
773 17
17 801
801 17
17 897
897 17
18 34
34 18
18 42
42 18
18 50
50 18
18 66
66 18
18 70
70 18
18 82
82 18
18 90
90 18
18 102
102 18
18 110
110 18
18 130
130 18
18 138
138 18
18 154
154 18
18 162
162 18
18 170
170 18
18 194
194 18
18 258
258 18
18 262
262 18
18 270
270 18
18 274
274 18
18 278
278 18
18 302
302 18
18 306
306 18
18 322
322 18
18 386
386 18
18 394
394 18
18 514
514 18
18 546
546 18
18 610
610 18
18 614
614 18
18 642
642 18
18 654
654 18
18 770
770 18
18 774
774 18
18 778
778 18
18 786
786 18
18 802
802 18
18 978
978 18
19 59
59 19
19 403
403 19
19 903
903 19
20 24
24 20
20 32
32 20
20 36
36 20
20 40
40 20
20 44
44 20
20 48
48 20
20 64
64 20
20 68
68 20
20 72
72 20
20 76
76 20
20 80
80 20
20 84
84 20
20 96
96 20
20 104
104 20
20 108
108 20
20 112
112 20
20 120
120 20
20 124
124 20
20 128
128 20
20 132
132 20
20 136
136 20
20 140
140 20
20 144
144 20
20 152
152 20
20 160
160 20
20 164
164 20
20 192
192 20
20 196
196 20
20 200
200 20
20 204
204 20
20 232
232 20
20 248
248 20
20 256
256 20
20 264
264 20
20 272
272 20
20 276
276 20
20 280
280 20
20 288
288 20
20 292
292 20
20 296
296 20
20 304
304 20
20 320
320 20
20 324
324 20
20 328
328 20
20 352
352 20
20 384
384 20
20 392
392 20
20 408
408 20
20 416
416 20
20 448
448 20
20 484
484 20
20 512
512 20
20 520
520 20
20 524
524 20
20 532
532 20
20 536
536 20
20 544
544 20
20 548
548 20
20 552
552 20
20 560
560 20
20 568
568 20
20 576
576 20
20 592
592 20
20 608
608 20
20 640
640 20
20 644
644 20
20 648
648 20
20 668
668 20
20 680
680 20
20 720
720 20
20 772
772 20
20 784
784 20
20 828
828 20
20 900
900 20
20 904
904 20
20 928
928 20
21 33
33 21
21 37
37 21
21 41
41 21
21 69
69 21
21 85
85 21
21 89
89 21
21 129
129 21
21 193
193 21
21 257
257 21
21 273
273 21
21 297
297 21
21 305
305 21
21 385
385 21
21 433
433 21
21 449
449 21
21 513
513 21
21 521
521 21
21 529
529 21
21 545
545 21
21 549
549 21
21 669
669 21
21 905
905 21
22 38
38 22
22 50
50 22
22 154
154 22
22 162
162 22
22 258
258 22
22 306
306 22
22 322
322 22
22 402
402 22
22 522
522 22
22 546
546 22
23 643
643 23
24 32
32 24
24 36
36 24
24 40
40 24
24 48
48 24
24 56
56 24
24 64
64 24
24 68
68 24
24 72
72 24
24 76
76 24
24 80
80 24
24 84
84 24
24 96
96 24
24 104
104 24
24 112
112 24
24 128
128 24
24 144
144 24
24 160
160 24
24 164
164 24
24 168
168 24
24 192
192 24
24 200
200 24
24 208
208 24
24 228
228 24
24 232
232 24
24 240
240 24
24 256
256 24
24 260
260 24
24 264
264 24
24 268
268 24
24 272
272 24
24 280
280 24
24 284
284 24
24 288
288 24
24 292
292 24
24 296
296 24
24 304
304 24
24 308
308 24
24 324
324 24
24 328
328 24
24 332
332 24
24 356
356 24
24 384
384 24
24 388
388 24
24 392
392 24
24 408
408 24
24 416
416 24
24 420
420 24
24 428
428 24
24 512
512 24
24 516
516 24
24 520
520 24
24 532
532 24
24 544
544 24
24 548
548 24
24 552
552 24
24 580
580 24
24 584
584 24
24 608
608 24
24 640
640 24
24 648
648 24
24 656
656 24
24 688
688 24
24 704
704 24
24 768
768 24
24 772
772 24
24 784
784 24
24 788
788 24
24 800
800 24
24 808
808 24
24 832
832 24
24 848
848 24
24 928
928 24
24 936
936 24
25 173
173 25
25 181
181 25
25 257
257 25
25 265
265 25
25 289
289 25
25 293
293 25
25 353
353 25
25 513
513 25
25 545
545 25
25 945
945 25
26 34
34 26
26 42
42 26
26 74
74 26
26 98
98 26
26 102
102 26
26 130
130 26
26 154
154 26
26 234
234 26
26 258
258 26
26 386
386 26
26 558
558 26
26 834
834 26
28 32
32 28
28 40
40 28
28 48
48 28
28 64
64 28
28 68
68 28
28 80
80 28
28 96
96 28
28 100
100 28
28 112
112 28
28 128
128 28
28 132
132 28
28 136
136 28
28 160
160 28
28 168
168 28
28 192
192 28
28 256
256 28
28 260
260 28
28 264
264 28
28 272
272 28
28 288
288 28
28 336
336 28
28 344
344 28
28 384
384 28
28 448
448 28
28 516
516 28
28 520
520 28
28 528
528 28
28 544
544 28
28 560
560 28
28 576
576 28
28 608
608 28
28 640
640 28
28 768
768 28
28 824
824 28
28 968
968 28
28 992
992 28
29 57
57 29
29 189
189 29
29 609
609 29
29 641
641 29
29 777
777 29
30 98
98 30
30 134
134 30
30 258
258 30
30 386
386 30
30 418
418 30
30 742
742 30
32 36
36 32
32 40
40 32
32 44
44 32
32 48
48 32
32 52
52 32
32 64
64 32
32 68
68 32
32 72
72 32
32 76
76 32
32 80
80 32
32 84
84 32
32 88
88 32
32 96
96 32
32 100
100 32
32 104
104 32
32 112
112 32
32 116
116 32
32 128
128 32
32 132
132 32
32 136
136 32
32 140
140 32
32 144
144 32
32 152
152 32
32 156
156 32
32 160
160 32
32 164
164 32
32 176
176 32
32 192
192 32
32 196
196 32
32 200
200 32
32 204
204 32
32 208
208 32
32 212
212 32
32 216
216 32
32 232
232 32
32 240
240 32
32 248
248 32
32 256
256 32
32 260
260 32
32 264
264 32
32 268
268 32
32 272
272 32
32 276
276 32
32 288
288 32
32 292
292 32
32 296
296 32
32 308
308 32
32 312
312 32
32 320
320 32
32 324
324 32
32 332
332 32
32 336
336 32
32 344
344 32
32 356
356 32
32 360
360 32
32 372
372 32
32 380
380 32
32 384
384 32
32 388
388 32
32 392
392 32
32 396
396 32
32 400
400 32
32 408
408 32
32 416
416 32
32 448
448 32
32 456
456 32
32 464
464 32
32 492
492 32
32 512
512 32
32 516
516 32
32 520
520 32
32 524
524 32
32 528
528 32
32 532
532 32
32 536
536 32
32 544
544 32
32 548
548 32
32 552
552 32
32 568
568 32
32 572
572 32
32 576
576 32
32 580
580 32
32 584
584 32
32 588
588 32
32 592
592 32
32 600
600 32
32 640
640 32
32 648
648 32
32 652
652 32
32 656
656 32
32 660
660 32
32 664
664 32
32 672
672 32
32 676
676 32
32 688
688 32
32 704
704 32
32 708
708 32
32 720
720 32
32 768
768 32
32 772
772 32
32 776
776 32
32 780
780 32
32 784
784 32
32 800
800 32
32 804
804 32
32 832
832 32
32 836
836 32
32 840
840 32
32 896
896 32
32 900
900 32
32 912
912 32
32 924
924 32
32 928
928 32
32 968
968 32
33 37
37 33
33 65
65 33
33 69
69 33
33 73
73 33
33 77
77 33
33 129
129 33
33 133
133 33
33 169
169 33
33 193
193 33
33 201
201 33
33 257
257 33
33 269
269 33
33 277
277 33
33 353
353 33
33 393
393 33
33 417
417 33
33 513
513 33
33 517
517 33
33 545
545 33
33 577
577 33
33 593
593 33
33 617
617 33
33 625
625 33
33 709
709 33
33 753
753 33
33 761
761 33
33 769
769 33
33 897
897 33
34 42
42 34
34 58
58 34
34 66
66 34
34 70
70 34
34 82
82 34
34 102
102 34
34 106
106 34
34 130
130 34
34 134
134 34
34 146
146 34
34 166
166 34
34 194
194 34
34 214
214 34
34 258
258 34
34 262
262 34
34 266
266 34
34 290
290 34
34 330
330 34
34 338
338 34
34 346
346 34
34 386
386 34
34 398
398 34
34 402
402 34
34 514
514 34
34 518
518 34
34 522
522 34
34 526
526 34
34 554
554 34
34 558
558 34
34 562
562 34
34 586
586 34
34 770
770 34
34 778
778 34
34 782
782 34
34 822
822 34
34 834
834 34
34 914
914 34
35 79
79 35
35 195
195 35
35 259
259 35
35 595
595 35
36 40
40 36
36 48
48 36
36 60
60 36
36 64
64 36
36 68
68 36
36 72
72 36
36 80
80 36
36 96
96 36
36 108
108 36
36 128
128 36
36 132
132 36
36 136
136 36
36 144
144 36
36 148
148 36
36 152
152 36
36 192
192 36
36 200
200 36
36 204
204 36
36 208
208 36
36 212
212 36
36 256
256 36
36 264
264 36
36 268
268 36
36 272
272 36
36 276
276 36
36 280
280 36
36 296
296 36
36 316
316 36
36 320
320 36
36 328
328 36
36 336
336 36
36 344
344 36
36 352
352 36
36 368
368 36
36 384
384 36
36 388
388 36
36 400
400 36
36 408
408 36
36 416
416 36
36 452
452 36
36 484
484 36
36 512
512 36
36 516
516 36
36 520
520 36
36 524
524 36
36 528
528 36
36 536
536 36
36 544
544 36
36 552
552 36
36 560
560 36
36 564
564 36
36 576
576 36
36 580
580 36
36 600
600 36
36 608
608 36
36 640
640 36
36 648
648 36
36 672
672 36
36 680
680 36
36 696
696 36
36 728
728 36
36 736
736 36
36 784
784 36
36 800
800 36
36 808
808 36
36 828
828 36
36 832
832 36
36 840
840 36
36 896
896 36
37 69
69 37
37 97
97 37
37 153
153 37
37 185
185 37
37 361
361 37
37 545
545 37
37 785
785 37
37 817
817 37
37 921
921 37
38 82
82 38
38 90
90 38
38 138
138 38
38 194
194 38
38 314
314 38
38 522
522 38
38 546
546 38
38 578
578 38
38 802
802 38
38 846
846 38
38 930
930 38
40 48
48 40
40 64
64 40
40 68
68 40
40 72
72 40
40 76
76 40
40 80
80 40
40 88
88 40
40 96
96 40
40 100
100 40
40 104
104 40
40 124
124 40
40 128
128 40
40 132
132 40
40 136
136 40
40 140
140 40
40 144
144 40
40 148
148 40
40 160
160 40
40 184
184 40
40 192
192 40
40 196
196 40
40 200
200 40
40 212
212 40
40 216
216 40
40 224
224 40
40 228
228 40
40 240
240 40
40 256
256 40
40 260
260 40
40 264
264 40
40 268
268 40
40 272
272 40
40 276
276 40
40 284
284 40
40 288
288 40
40 292
292 40
40 304
304 40
40 308
308 40
40 320
320 40
40 324
324 40
40 336
336 40
40 340
340 40
40 352
352 40
40 384
384 40
40 388
388 40
40 400
400 40
40 404
404 40
40 416
416 40
40 512
512 40
40 516
516 40
40 520
520 40
40 524
524 40
40 528
528 40
40 532
532 40
40 540
540 40
40 544
544 40
40 564
564 40
40 576
576 40
40 580
580 40
40 588
588 40
40 640
640 40
40 644
644 40
40 648
648 40
40 656
656 40
40 708
708 40
40 768
768 40
40 772
772 40
40 788
788 40
40 800
800 40
40 808
808 40
40 820
820 40
40 832
832 40
40 836
836 40
40 848
848 40
40 864
864 40
40 912
912 40
40 928
928 40
40 960
960 40
40 968
968 40
41 49
49 41
41 73
73 41
41 101
101 41
41 129
129 41
41 169
169 41
41 201
201 41
41 261
261 41
41 401
401 41
41 545
545 41
41 641
641 41
41 777
777 41
42 50
50 42
42 66
66 42
42 74
74 42
42 94
94 42
42 166
166 42
42 202
202 42
42 230
230 42
42 386
386 42
42 394
394 42
42 518
518 42
42 754
754 42
43 259
259 43
44 48
48 44
44 56
56 44
44 64
64 44
44 100
100 44
44 104
104 44
44 120
120 44
44 128
128 44
44 132
132 44
44 144
144 44
44 184
184 44
44 224
224 44
44 256
256 44
44 272
272 44
44 288
288 44
44 324
324 44
44 480
480 44
44 512
512 44
44 520
520 44
44 524
524 44
44 528
528 44
44 532
532 44
44 536
536 44
44 544
544 44
44 548
548 44
44 560
560 44
44 580
580 44
44 584
584 44
44 596
596 44
44 648
648 44
44 896
896 44
45 65
65 45
45 145
145 45
46 82
82 46
46 98
98 46
46 146
146 46
46 298
298 46
46 522
522 46
47 523
523 47
48 60
60 48
48 64
64 48
48 68
68 48
48 76
76 48
48 80
80 48
48 84
84 48
48 88
88 48
48 104
104 48
48 108
108 48
48 112
112 48
48 128
128 48
48 132
132 48
48 136
136 48
48 144
144 48
48 152
152 48
48 156
156 48
48 160
160 48
48 164
164 48
48 192
192 48
48 200
200 48
48 208
208 48
48 224
224 48
48 228
228 48
48 232
232 48
48 256
256 48
48 260
260 48
48 264
264 48
48 268
268 48
48 272
272 48
48 280
280 48
48 284
284 48
48 288
288 48
48 304
304 48
48 308
308 48
48 320
320 48
48 356
356 48
48 360
360 48
48 384
384 48
48 392
392 48
48 448
448 48
48 456
456 48
48 460
460 48
48 512
512 48
48 520
520 48
48 524
524 48
48 528
528 48
48 544
544 48
48 548
548 48
48 564
564 48
48 576
576 48
48 580
580 48
48 584
584 48
48 608
608 48
48 640
640 48
48 648
648 48
48 672
672 48
48 676
676 48
48 704
704 48
48 736
736 48
48 768
768 48
48 772
772 48
48 788
788 48
48 800
800 48
48 816
816 48
48 832
832 48
48 840
840 48
48 900
900 48
48 960
960 48
49 129
129 49
49 137
137 49
49 169
169 49
49 261
261 49
49 293
293 49
49 385
385 49
49 581
581 49
50 130
130 50
50 138
138 50
50 146
146 50
50 258
258 50
50 266
266 50
50 326
326 50
50 358
358 50
50 402
402 50
50 406
406 50
50 514
514 50
50 546
546 50
50 578
578 50
50 582
582 50
50 642
642 50
51 155
155 51
51 931
931 51
52 60
60 52
52 64
64 52
52 96
96 52
52 100
100 52
52 152
152 52
52 160
160 52
52 168
168 52
52 192
192 52
52 256
256 52
52 260
260 52
52 272
272 52
52 288
288 52
52 320
320 52
52 396
396 52
52 400
400 52
52 432
432 52
52 512
512 52
52 520
520 52
52 540
540 52
52 544
544 52
52 576
576 52
52 644
644 52
52 648
648 52
52 656
656 52
52 768
768 52
52 788
788 52
52 792
792 52
52 856
856 52
52 896
896 52
52 900
900 52
52 904
904 52
52 960
960 52
53 69
69 53
53 517
517 53
53 649
649 53
53 773
773 53
54 122
122 54
54 266
266 54
54 514
514 54
54 526
526 54
56 64
64 56
56 80
80 56
56 96
96 56
56 104
104 56
56 128
128 56
56 148
148 56
56 160
160 56
56 192
192 56
56 208
208 56
56 256
256 56
56 260
260 56
56 320
320 56
56 332
332 56
56 336
336 56
56 340
340 56
56 352
352 56
56 384
384 56
56 392
392 56
56 400
400 56
56 448
448 56
56 512
512 56
56 528
528 56
56 560
560 56
56 564
564 56
56 576
576 56
56 608
608 56
56 636
636 56
56 640
640 56
56 648
648 56
56 704
704 56
56 772
772 56
56 900
900 56
56 904
904 56
56 960
960 56
57 137
137 57
57 261
261 57
58 130
130 58
58 426
426 58
58 514
514 58
59 203
203 59
60 68
68 60
60 72
72 60
60 80
80 60
60 136
136 60
60 164
164 60
60 256
256 60
60 352
352 60
60 480
480 60
60 512
512 60
60 516
516 60
60 576
576 60
60 640
640 60
60 672
672 60
60 768
768 60
61 265
265 61
61 513
513 61
62 322
322 62
64 68
68 64
64 72
72 64
64 76
76 64
64 80
80 64
64 84
84 64
64 88
88 64
64 92
92 64
64 96
96 64
64 100
100 64
64 104
104 64
64 112
112 64
64 116
116 64
64 120
120 64
64 128
128 64
64 132
132 64
64 136
136 64
64 140
140 64
64 144
144 64
64 148
148 64
64 152
152 64
64 160
160 64
64 164
164 64
64 168
168 64
64 172
172 64
64 180
180 64
64 184
184 64
64 188
188 64
64 192
192 64
64 196
196 64
64 200
200 64
64 204
204 64
64 208
208 64
64 216
216 64
64 228
228 64
64 256
256 64
64 260
260 64
64 264
264 64
64 272
272 64
64 276
276 64
64 280
280 64
64 284
284 64
64 288
288 64
64 292
292 64
64 296
296 64
64 304
304 64
64 308
308 64
64 312
312 64
64 320
320 64
64 328
328 64
64 332
332 64
64 340
340 64
64 352
352 64
64 356
356 64
64 360
360 64
64 368
368 64
64 372
372 64
64 384
384 64
64 388
388 64
64 392
392 64
64 400
400 64
64 404
404 64
64 416
416 64
64 432
432 64
64 436
436 64
64 456
456 64
64 464
464 64
64 480
480 64
64 484
484 64
64 488
488 64
64 512
512 64
64 516
516 64
64 520
520 64
64 524
524 64
64 528
528 64
64 536
536 64
64 544
544 64
64 548
548 64
64 552
552 64
64 560
560 64
64 564
564 64
64 568
568 64
64 572
572 64
64 576
576 64
64 580
580 64
64 584
584 64
64 592
592 64
64 596
596 64
64 608
608 64
64 616
616 64
64 624
624 64
64 640
640 64
64 644
644 64
64 648
648 64
64 656
656 64
64 660
660 64
64 672
672 64
64 680
680 64
64 692
692 64
64 704
704 64
64 712
712 64
64 728
728 64
64 768
768 64
64 772
772 64
64 776
776 64
64 780
780 64
64 784
784 64
64 788
788 64
64 796
796 64
64 800
800 64
64 808
808 64
64 816
816 64
64 824
824 64
64 832
832 64
64 848
848 64
64 864
864 64
64 896
896 64
64 908
908 64
64 916
916 64
64 920
920 64
64 992
992 64
64 1000
1000 64
65 73
73 65
65 97
97 65
65 101
101 65
65 129
129 65
65 149
149 65
65 177
177 65
65 185
185 65
65 217
217 65
65 257
257 65
65 289
289 65
65 325
325 65
65 329
329 65
65 333
333 65
65 385
385 65
65 409
409 65
65 441
441 65
65 513
513 65
65 517
517 65
65 545
545 65
65 565
565 65
65 577
577 65
65 681
681 65
65 781
781 65
65 785
785 65
65 849
849 65
65 905
905 65
66 70
70 66
66 74
74 66
66 86
86 66
66 102
102 66
66 130
130 66
66 134
134 66
66 142
142 66
66 146
146 66
66 162
162 66
66 182
182 66
66 186
186 66
66 202
202 66
66 258
258 66
66 266
266 66
66 270
270 66
66 274
274 66
66 290
290 66
66 294
294 66
66 390
390 66
66 514
514 66
66 518
518 66
66 522
522 66
66 526
526 66
66 530
530 66
66 546
546 66
66 550
550 66
66 562
562 66
66 602
602 66
66 642
642 66
66 650
650 66
66 654
654 66
66 778
778 66
66 786
786 66
66 918
918 66
66 922
922 66
67 155
155 67
68 72
72 68
68 76
76 68
68 80
80 68
68 84
84 68
68 88
88 68
68 96
96 68
68 104
104 68
68 128
128 68
68 132
132 68
68 136
136 68
68 144
144 68
68 148
148 68
68 152
152 68
68 160
160 68
68 176
176 68
68 192
192 68
68 204
204 68
68 208
208 68
68 216
216 68
68 232
232 68
68 256
256 68
68 260
260 68
68 264
264 68
68 268
268 68
68 272
272 68
68 280
280 68
68 288
288 68
68 304
304 68
68 308
308 68
68 320
320 68
68 336
336 68
68 340
340 68
68 352
352 68
68 364
364 68
68 384
384 68
68 420
420 68
68 424
424 68
68 512
512 68
68 516
516 68
68 520
520 68
68 528
528 68
68 536
536 68
68 544
544 68
68 552
552 68
68 556
556 68
68 560
560 68
68 576
576 68
68 584
584 68
68 592
592 68
68 640
640 68
68 652
652 68
68 664
664 68
68 672
672 68
68 676
676 68
68 688
688 68
68 704
704 68
68 712
712 68
68 744
744 68
68 752
752 68
68 756
756 68
68 768
768 68
68 784
784 68
68 800
800 68
68 808
808 68
68 824
824 68
68 832
832 68
68 840
840 68
68 896
896 68
68 900
900 68
68 912
912 68
68 936
936 68
69 145
145 69
69 209
209 69
69 265
265 69
69 321
321 69
69 389
389 69
69 401
401 69
69 513
513 69
69 517
517 69
69 521
521 69
69 529
529 69
69 577
577 69
69 641
641 69
69 769
769 69
69 773
773 69
69 785
785 69
70 82
82 70
70 106
106 70
70 514
514 70
70 566
566 70
70 582
582 70
70 946
946 70
72 80
80 72
72 84
84 72
72 88
88 72
72 96
96 72
72 100
100 72
72 120
120 72
72 128
128 72
72 132
132 72
72 136
136 72
72 144
144 72
72 148
148 72
72 152
152 72
72 160
160 72
72 164
164 72
72 168
168 72
72 176
176 72
72 180
180 72
72 192
192 72
72 208
208 72
72 224
224 72
72 228
228 72
72 256
256 72
72 260
260 72
72 264
264 72
72 272
272 72
72 280
280 72
72 284
284 72
72 288
288 72
72 292
292 72
72 296
296 72
72 300
300 72
72 308
308 72
72 320
320 72
72 344
344 72
72 356
356 72
72 360
360 72
72 368
368 72
72 372
372 72
72 384
384 72
72 392
392 72
72 400
400 72
72 412
412 72
72 416
416 72
72 424
424 72
72 432
432 72
72 468
468 72
72 488
488 72
72 512
512 72
72 516
516 72
72 520
520 72
72 528
528 72
72 532
532 72
72 540
540 72
72 544
544 72
72 548
548 72
72 552
552 72
72 576
576 72
72 592
592 72
72 596
596 72
72 640
640 72
72 644
644 72
72 656
656 72
72 676
676 72
72 688
688 72
72 768
768 72
72 772
772 72
72 784
784 72
72 788
788 72
72 808
808 72
72 816
816 72
72 832
832 72
72 852
852 72
72 884
884 72
73 85
85 73
73 101
101 73
73 145
145 73
73 165
165 73
73 257
257 73
73 361
361 73
73 529
529 73
73 673
673 73
73 705
705 73
73 769
769 73
73 793
793 73
74 134
134 74
74 258
258 74
74 294
294 74
74 306
306 74
74 346
346 74
74 518
518 74
74 522
522 74
74 530
530 74
74 662
662 74
76 108
108 76
76 128
128 76
76 136
136 76
76 144
144 76
76 160
160 76
76 256
256 76
76 280
280 76
76 292
292 76
76 308
308 76
76 332
332 76
76 344
344 76
76 376
376 76
76 380
380 76
76 384
384 76
76 408
408 76
76 436
436 76
76 448
448 76
76 480
480 76
76 484
484 76
76 516
516 76
76 528
528 76
76 536
536 76
76 544
544 76
76 552
552 76
76 556
556 76
76 640
640 76
76 736
736 76
76 768
768 76
76 792
792 76
76 896
896 76
76 928
928 76
76 932
932 76
77 197
197 77
77 649
649 77
78 142
142 78
78 210
210 78
78 386
386 78
78 550
550 78
78 578
578 78
80 96
96 80
80 100
100 80
80 104
104 80
80 108
108 80
80 112
112 80
80 128
128 80
80 132
132 80
80 136
136 80
80 140
140 80
80 148
148 80
80 156
156 80
80 160
160 80
80 176
176 80
80 188
188 80
80 192
192 80
80 196
196 80
80 200
200 80
80 220
220 80
80 240
240 80
80 256
256 80
80 260
260 80
80 264
264 80
80 272
272 80
80 276
276 80
80 280
280 80
80 288
288 80
80 300
300 80
80 308
308 80
80 320
320 80
80 324
324 80
80 344
344 80
80 360
360 80
80 388
388 80
80 392
392 80
80 416
416 80
80 456
456 80
80 512
512 80
80 516
516 80
80 520
520 80
80 524
524 80
80 528
528 80
80 544
544 80
80 548
548 80
80 572
572 80
80 580
580 80
80 584
584 80
80 588
588 80
80 596
596 80
80 612
612 80
80 640
640 80
80 644
644 80
80 648
648 80
80 652
652 80
80 680
680 80
80 704
704 80
80 768
768 80
80 772
772 80
80 780
780 80
80 800
800 80
80 804
804 80
80 840
840 80
80 908
908 80
80 928
928 80
81 129
129 81
81 133
133 81
81 517
517 81
81 549
549 81
81 601
601 81
81 777
777 81
82 134
134 82
82 142
142 82
82 146
146 82
82 162
162 82
82 166
166 82
82 514
514 82
82 526
526 82
82 530
530 82
82 578
578 82
82 898
898 82
83 131
131 83
83 167
167 83
83 259
259 83
84 96
96 84
84 100
100 84
84 104
104 84
84 128
128 84
84 132
132 84
84 136
136 84
84 144
144 84
84 160
160 84
84 200
200 84
84 224
224 84
84 256
256 84
84 260
260 84
84 268
268 84
84 280
280 84
84 320
320 84
84 324
324 84
84 344
344 84
84 432
432 84
84 448
448 84
84 512
512 84
84 520
520 84
84 528
528 84
84 544
544 84
84 552
552 84
84 564
564 84
84 580
580 84
84 592
592 84
84 640
640 84
84 896
896 84
84 900
900 84
85 113
113 85
85 129
129 85
85 417
417 85
85 421
421 85
86 258
258 86
86 330
330 86
86 694
694 86
88 96
96 88
88 104
104 88
88 112
112 88
88 136
136 88
88 160
160 88
88 172
172 88
88 192
192 88
88 256
256 88
88 264
264 88
88 268
268 88
88 272
272 88
88 300
300 88
88 320
320 88
88 384
384 88
88 400
400 88
88 416
416 88
88 512
512 88
88 516
516 88
88 520
520 88
88 524
524 88
88 528
528 88
88 536
536 88
88 544
544 88
88 560
560 88
88 640
640 88
88 656
656 88
88 688
688 88
88 704
704 88
88 772
772 88
89 641
641 89
89 657
657 89
90 514
514 90
90 550
550 90
90 582
582 90
91 295
295 91
92 132
132 92
92 192
192 92
92 256
256 92
92 288
288 92
92 292
292 92
92 384
384 92
92 512
512 92
92 520
520 92
92 532
532 92
92 584
584 92
92 640
640 92
93 161
161 93
93 269
269 93
93 521
521 93
94 530
530 94
94 642
642 94
96 100
100 96
96 108
108 96
96 124
124 96
96 128
128 96
96 136
136 96
96 140
140 96
96 152
152 96
96 160
160 96
96 176
176 96
96 192
192 96
96 196
196 96
96 200
200 96
96 212
212 96
96 216
216 96
96 224
224 96
96 256
256 96
96 264
264 96
96 272
272 96
96 276
276 96
96 280
280 96
96 284
284 96
96 288
288 96
96 312
312 96
96 320
320 96
96 324
324 96
96 328
328 96
96 332
332 96
96 352
352 96
96 364
364 96
96 368
368 96
96 384
384 96
96 400
400 96
96 404
404 96
96 420
420 96
96 448
448 96
96 500
500 96
96 512
512 96
96 516
516 96
96 520
520 96
96 524
524 96
96 532
532 96
96 536
536 96
96 544
544 96
96 552
552 96
96 560
560 96
96 576
576 96
96 580
580 96
96 592
592 96
96 640
640 96
96 648
648 96
96 656
656 96
96 672
672 96
96 716
716 96
96 768
768 96
96 784
784 96
96 796
796 96
96 832
832 96
96 912
912 96
96 936
936 96
96 980
980 96
97 257
257 97
97 265
265 97
97 273
273 97
97 277
277 97
97 289
289 97
97 313
313 97
97 401
401 97
97 513
513 97
97 541
541 97
98 110
110 98
98 130
130 98
98 298
298 98
98 414
414 98
98 530
530 98
98 650
650 98
98 770
770 98
98 806
806 98
98 902
902 98
98 938
938 98
100 128
128 100
100 132
132 100
100 136
136 100
100 144
144 100
100 152
152 100
100 160
160 100
100 172
172 100
100 196
196 100
100 200
200 100
100 224
224 100
100 232
232 100
100 256
256 100
100 260
260 100
100 284
284 100
100 288
288 100
100 336
336 100
100 384
384 100
100 388
388 100
100 392
392 100
100 396
396 100
100 512
512 100
100 524
524 100
100 544
544 100
100 548
548 100
100 576
576 100
100 640
640 100
100 652
652 100
100 744
744 100
100 768
768 100
100 792
792 100
100 832
832 100
100 840
840 100
100 936
936 100
101 133
133 101
101 137
137 101
101 321
321 101
101 793
793 101
102 146
146 102
103 131
131 103
104 128
128 104
104 132
132 104
104 144
144 104
104 160
160 104
104 192
192 104
104 256
256 104
104 260
260 104
104 288
288 104
104 292
292 104
104 336
336 104
104 352
352 104
104 392
392 104
104 512
512 104
104 516
516 104
104 528
528 104
104 560
560 104
104 640
640 104
104 652
652 104
104 664
664 104
104 772
772 104
104 812
812 104
105 129
129 105
105 257
257 105
105 261
261 105
105 273
273 105
105 577
577 105
106 134
134 106
106 178
178 106
106 530
530 106
106 658
658 106
106 718
718 106
107 391
391 107
108 128
128 108
108 256
256 108
108 272
272 108
108 292
292 108
108 396
396 108
108 512
512 108
108 528
528 108
108 612
612 108
108 640
640 108
108 768
768 108
108 800
800 108
108 820
820 108
110 202
202 110
110 290
290 110
112 128
128 112
112 136
136 112
112 144
144 112
112 160
160 112
112 172
172 112
112 256
256 112
112 264
264 112
112 280
280 112
112 312
312 112
112 360
360 112
112 388
388 112
112 392
392 112
112 512
512 112
112 536
536 112
112 576
576 112
112 620
620 112
112 652
652 112
112 656
656 112
112 672
672 112
112 708
708 112
112 720
720 112
112 768
768 112
112 772
772 112
112 792
792 112
112 896
896 112
113 133
133 113
113 145
145 113
113 513
513 113
113 633
633 113
113 681
681 113
114 514
514 114
116 144
144 116
116 160
160 116
116 172
172 116
116 264
264 116
116 516
516 116
116 576
576 116
116 584
584 116
116 680
680 116
116 776
776 116
116 848
848 116
120 128
128 120
120 144
144 120
120 324
324 120
120 384
384 120
120 640
640 120
120 656
656 120
120 720
720 120
121 513
513 121
124 260
260 124
124 264
264 124
124 384
384 124
124 416
416 124
124 544
544 124
124 612
612 124
128 132
132 128
128 136
136 128
128 140
140 128
128 144
144 128
128 152
152 128
128 160
160 128
128 164
164 128
128 168
168 128
128 172
172 128
128 176
176 128
128 180
180 128
128 184
184 128
128 192
192 128
128 196
196 128
128 200
200 128
128 204
204 128
128 208
208 128
128 212
212 128
128 224
224 128
128 232
232 128
128 244
244 128
128 248
248 128
128 256
256 128
128 260
260 128
128 264
264 128
128 268
268 128
128 272
272 128
128 276
276 128
128 280
280 128
128 284
284 128
128 288
288 128
128 292
292 128
128 296
296 128
128 300
300 128
128 304
304 128
128 308
308 128
128 316
316 128
128 320
320 128
128 324
324 128
128 332
332 128
128 336
336 128
128 340
340 128
128 352
352 128
128 360
360 128
128 368
368 128
128 384
384 128
128 388
388 128
128 392
392 128
128 400
400 128
128 420
420 128
128 432
432 128
128 448
448 128
128 464
464 128
128 480
480 128
128 512
512 128
128 516
516 128
128 520
520 128
128 528
528 128
128 532
532 128
128 536
536 128
128 540
540 128
128 544
544 128
128 548
548 128
128 552
552 128
128 556
556 128
128 560
560 128
128 568
568 128
128 572
572 128
128 576
576 128
128 580
580 128
128 584
584 128
128 588
588 128
128 592
592 128
128 596
596 128
128 600
600 128
128 608
608 128
128 612
612 128
128 616
616 128
128 620
620 128
128 640
640 128
128 644
644 128
128 648
648 128
128 656
656 128
128 688
688 128
128 704
704 128
128 712
712 128
128 716
716 128
128 728
728 128
128 736
736 128
128 740
740 128
128 744
744 128
128 768
768 128
128 772
772 128
128 776
776 128
128 784
784 128
128 788
788 128
128 792
792 128
128 800
800 128
128 804
804 128
128 808
808 128
128 816
816 128
128 820
820 128
128 832
832 128
128 836
836 128
128 844
844 128
128 852
852 128
128 856
856 128
128 900
900 128
128 912
912 128
128 932
932 128
128 992
992 128
129 137
137 129
129 141
141 129
129 145
145 129
129 165
165 129
129 169
169 129
129 177
177 129
129 185
185 129
129 229
229 129
129 257
257 129
129 269
269 129
129 273
273 129
129 289
289 129
129 365
365 129
129 369
369 129
129 385
385 129
129 513
513 129
129 525
525 129
129 529
529 129
129 541
541 129
129 561
561 129
129 585
585 129
129 641
641 129
129 709
709 129
129 741
741 129
129 769
769 129
129 781
781 129
129 801
801 129
130 134
134 130
130 150
150 130
130 194
194 130
130 202
202 130
130 206
206 130
130 258
258 130
130 282
282 130
130 322
322 130
130 330
330 130
130 394
394 130
130 402
402 130
130 514
514 130
130 534
534 130
130 562
562 130
130 578
578 130
130 642
642 130
130 770
770 130
130 834
834 130
130 870
870 130
131 391
391 131
131 527
527 131
131 575
575 131
132 140
140 132
132 144
144 132
132 148
148 132
132 160
160 132
132 168
168 132
132 176
176 132
132 192
192 132
132 196
196 132
132 208
208 132
132 256
256 132
132 260
260 132
132 264
264 132
132 268
268 132
132 280
280 132
132 288
288 132
132 292
292 132
132 296
296 132
132 300
300 132
132 304
304 132
132 312
312 132
132 320
320 132
132 356
356 132
132 372
372 132
132 376
376 132
132 384
384 132
132 388
388 132
132 392
392 132
132 400
400 132
132 416
416 132
132 432
432 132
132 448
448 132
132 468
468 132
132 512
512 132
132 516
516 132
132 520
520 132
132 528
528 132
132 532
532 132
132 536
536 132
132 544
544 132
132 552
552 132
132 560
560 132
132 568
568 132
132 576
576 132
132 580
580 132
132 592
592 132
132 608
608 132
132 640
640 132
132 644
644 132
132 648
648 132
132 652
652 132
132 660
660 132
132 664
664 132
132 672
672 132
132 720
720 132
132 768
768 132
132 772
772 132
132 776
776 132
132 784
784 132
132 788
788 132
132 796
796 132
132 804
804 132
132 832
832 132
132 876
876 132
132 904
904 132
133 149
149 133
133 153
153 133
133 297
297 133
133 545
545 133
133 577
577 133
133 633
633 133
133 641
641 133
133 769
769 133
133 773
773 133
133 801
801 133
133 865
865 133
134 258
258 134
134 270
270 134
134 290
290 134
134 322
322 134
134 330
330 134
134 546
546 134
134 642
642 134
134 674
674 134
134 770
770 134
136 144
144 136
136 148
148 136
136 160
160 136
136 168
168 136
136 192
192 136
136 208
208 136
136 216
216 136
136 256
256 136
136 260
260 136
136 264
264 136
136 268
268 136
136 272
272 136
136 276
276 136
136 292
292 136
136 296
296 136
136 304
304 136
136 312
312 136
136 320
320 136
136 336
336 136
136 340
340 136
136 344
344 136
136 360
360 136
136 384
384 136
136 388
388 136
136 400
400 136
136 408
408 136
136 432
432 136
136 448
448 136
136 456
456 136
136 512
512 136
136 516
516 136
136 520
520 136
136 528
528 136
136 536
536 136
136 544
544 136
136 548
548 136
136 552
552 136
136 560
560 136
136 576
576 136
136 584
584 136
136 604
604 136
136 612
612 136
136 640
640 136
136 660
660 136
136 672
672 136
136 676
676 136
136 684
684 136
136 704
704 136
136 768
768 136
136 772
772 136
136 776
776 136
136 784
784 136
136 832
832 136
136 848
848 136
136 912
912 136
137 193
193 137
137 257
257 137
137 269
269 137
137 453
453 137
137 521
521 137
137 533
533 137
137 581
581 137
138 258
258 138
138 514
514 138
138 518
518 138
138 654
654 138
138 770
770 138
139 771
771 139
140 144
144 140
140 164
164 140
140 168
168 140
140 176
176 140
140 192
192 140
140 204
204 140
140 224
224 140
140 256
256 140
140 260
260 140
140 292
292 140
140 320
320 140
140 344
344 140
140 452
452 140
140 512
512 140
140 516
516 140
140 520
520 140
140 528
528 140
140 544
544 140
140 576
576 140
140 584
584 140
140 604
604 140
140 624
624 140
140 644
644 140
140 704
704 140
140 800
800 140
140 928
928 140
141 517
517 141
141 593
593 141
141 785
785 141
142 234
234 142
142 290
290 142
142 530
530 142
143 363
363 143
144 156
156 144
144 160
160 144
144 164
164 144
144 168
168 144
144 192
192 144
144 200
200 144
144 216
216 144
144 228
228 144
144 232
232 144
144 256
256 144
144 260
260 144
144 264
264 144
144 268
268 144
144 272
272 144
144 280
280 144
144 288
288 144
144 292
292 144
144 304
304 144
144 308
308 144
144 316
316 144
144 320
320 144
144 328
328 144
144 336
336 144
144 360
360 144
144 384
384 144
144 388
388 144
144 396
396 144
144 448
448 144
144 456
456 144
144 468
468 144
144 484
484 144
144 512
512 144
144 516
516 144
144 520
520 144
144 524
524 144
144 532
532 144
144 540
540 144
144 544
544 144
144 576
576 144
144 580
580 144
144 640
640 144
144 644
644 144
144 648
648 144
144 664
664 144
144 672
672 144
144 676
676 144
144 736
736 144
144 768
768 144
144 772
772 144
144 776
776 144
144 800
800 144
144 896
896 144
144 900
900 144
144 904
904 144
144 916
916 144
144 936
936 144
144 952
952 144
145 257
257 145
145 281
281 145
145 309
309 145
145 337
337 145
145 517
517 145
145 557
557 145
145 801
801 145
146 194
194 146
146 274
274 146
146 322
322 146
146 390
390 146
146 426
426 146
146 546
546 146
146 770
770 146
146 806
806 146
147 515
515 147
148 172
172 148
148 192
192 148
148 200
200 148
148 216
216 148
148 256
256 148
148 272
272 148
148 288
288 148
148 320
320 148
148 392
392 148
148 512
512 148
148 544
544 148
148 552
552 148
148 588
588 148
148 608
608 148
148 616
616 148
148 640
640 148
148 644
644 148
148 768
768 148
148 804
804 148
148 872
872 148
149 221
221 149
149 257
257 149
149 473
473 149
149 545
545 149
149 769
769 149
149 929
929 149
150 770
770 150
152 164
164 152
152 192
192 152
152 256
256 152
152 264
264 152
152 272
272 152
152 288
288 152
152 296
296 152
152 320
320 152
152 328
328 152
152 332
332 152
152 336
336 152
152 340
340 152
152 352
352 152
152 368
368 152
152 408
408 152
152 416
416 152
152 472
472 152
152 512
512 152
152 516
516 152
152 520
520 152
152 544
544 152
152 576
576 152
152 624
624 152
152 640
640 152
152 652
652 152
152 672
672 152
152 704
704 152
152 712
712 152
152 728
728 152
152 768
768 152
152 772
772 152
152 780
780 152
152 816
816 152
152 912
912 152
152 936
936 152
153 389
389 153
153 453
453 153
154 258
258 154
156 192
192 156
156 256
256 156
156 260
260 156
156 324
324 156
156 392
392 156
156 512
512 156
156 520
520 156
156 736
736 156
156 864
864 156
157 737
737 157
158 914
914 158
160 192
192 160
160 208
208 160
160 224
224 160
160 256
256 160
160 260
260 160
160 264
264 160
160 272
272 160
160 280
280 160
160 288
288 160
160 292
292 160
160 296
296 160
160 320
320 160
160 324
324 160
160 332
332 160
160 340
340 160
160 344
344 160
160 352
352 160
160 384
384 160
160 396
396 160
160 400
400 160
160 416
416 160
160 424
424 160
160 456
456 160
160 464
464 160
160 476
476 160
160 480
480 160
160 512
512 160
160 516
516 160
160 524
524 160
160 528
528 160
160 532
532 160
160 536
536 160
160 540
540 160
160 544
544 160
160 552
552 160
160 584
584 160
160 608
608 160
160 624
624 160
160 640
640 160
160 648
648 160
160 652
652 160
160 672
672 160
160 696
696 160
160 704
704 160
160 728
728 160
160 768
768 160
160 772
772 160
160 784
784 160
160 840
840 160
160 852
852 160
160 896
896 160
160 928
928 160
160 964
964 160
161 165
165 161
161 257
257 161
161 261
261 161
161 265
265 161
161 277
277 161
161 313
313 161
161 389
389 161
161 425
425 161
161 513
513 161
161 529
529 161
161 609
609 161
161 673
673 161
161 841
841 161
161 921
921 161
162 210
210 162
162 290
290 162
162 330
330 162
162 410
410 162
162 518
518 162
162 522
522 162
162 578
578 162
162 658
658 162
162 770
770 162
163 691
691 163
164 176
176 164
164 192
192 164
164 256
256 164
164 260
260 164
164 264
264 164
164 272
272 164
164 276
276 164
164 280
280 164
164 288
288 164
164 384
384 164
164 512
512 164
164 516
516 164
164 532
532 164
164 576
576 164
164 608
608 164
164 640
640 164
164 660
660 164
164 672
672 164
164 708
708 164
164 772
772 164
164 780
780 164
164 832
832 164
164 848
848 164
164 896
896 164
165 209
209 165
165 293
293 165
165 541
541 165
165 577
577 165
166 338
338 166
166 738
738 166
166 770
770 166
168 176
176 168
168 192
192 168
168 212
212 168
168 216
216 168
168 256
256 168
168 260
260 168
168 264
264 168
168 280
280 168
168 288
288 168
168 324
324 168
168 332
332 168
168 336
336 168
168 392
392 168
168 424
424 168
168 436
436 168
168 512
512 168
168 516
516 168
168 520
520 168
168 528
528 168
168 536
536 168
168 560
560 168
168 564
564 168
168 576
576 168
168 584
584 168
168 592
592 168
168 640
640 168
168 644
644 168
168 720
720 168
168 736
736 168
168 768
768 168
168 780
780 168
168 788
788 168
168 916
916 168
169 257
257 169
170 514
514 170
172 272
272 172
172 304
304 172
172 484
484 172
172 528
528 172
172 592
592 172
172 616
616 172
172 768
768 172
173 257
257 173
176 256
256 176
176 260
260 176
176 288
288 176
176 344
344 176
176 384
384 176
176 416
416 176
176 512
512 176
176 516
516 176
176 532
532 176
176 576
576 176
176 640
640 176
176 672
672 176
176 768
768 176
177 257
257 177
177 513
513 177
177 585
585 177
178 294
294 178
178 546
546 178
180 192
192 180
180 268
268 180
180 512
512 180
180 516
516 180
180 592
592 180
180 608
608 180
180 776
776 180
180 872
872 180
180 896
896 180
184 216
216 184
184 268
268 184
184 272
272 184
184 320
320 184
184 384
384 184
184 432
432 184
184 640
640 184
188 512
512 188
188 768
768 188
192 200
200 192
192 204
204 192
192 208
208 192
192 228
228 192
192 256
256 192
192 260
260 192
192 264
264 192
192 272
272 192
192 276
276 192
192 288
288 192
192 292
292 192
192 296
296 192
192 308
308 192
192 320
320 192
192 336
336 192
192 352
352 192
192 384
384 192
192 388
388 192
192 400
400 192
192 444
444 192
192 512
512 192
192 516
516 192
192 520
520 192
192 524
524 192
192 528
528 192
192 536
536 192
192 544
544 192
192 548
548 192
192 552
552 192
192 568
568 192
192 584
584 192
192 604
604 192
192 640
640 192
192 644
644 192
192 664
664 192
192 708
708 192
192 736
736 192
192 768
768 192
192 772
772 192
192 776
776 192
192 784
784 192
192 788
788 192
192 792
792 192
192 804
804 192
192 808
808 192
192 832
832 192
192 896
896 192
192 972
972 192
193 261
261 193
193 529
529 193
193 661
661 193
193 689
689 193
193 789
789 193
194 198
198 194
194 274
274 194
194 290
290 194
194 294
294 194
194 418
418 194
194 674
674 194
194 722
722 194
194 834
834 194
194 914
914 194
195 547
547 195
196 212
212 196
196 256
256 196
196 264
264 196
196 328
328 196
196 332
332 196
196 344
344 196
196 352
352 196
196 384
384 196
196 432
432 196
196 448
448 196
196 512
512 196
196 524
524 196
196 544
544 196
196 548
548 196
196 568
568 196
196 572
572 196
196 576
576 196
196 584
584 196
196 640
640 196
196 664
664 196
196 800
800 196
196 928
928 196
196 988
988 196
197 273
273 197
197 313
313 197
197 577
577 197
197 581
581 197
197 769
769 197
197 905
905 197
198 258
258 198
198 302
302 198
200 208
208 200
200 256
256 200
200 276
276 200
200 280
280 200
200 296
296 200
200 320
320 200
200 336
336 200
200 352
352 200
200 400
400 200
200 448
448 200
200 512
512 200
200 520
520 200
200 524
524 200
200 536
536 200
200 548
548 200
200 576
576 200
200 592
592 200
200 640
640 200
200 768
768 200
200 832
832 200
200 868
868 200
200 896
896 200
200 976
976 200
201 205
205 201
202 262
262 202
202 298
298 202
202 530
530 202
202 770
770 202
203 567
567 203
203 787
787 203
204 448
448 204
204 512
512 204
204 516
516 204
204 520
520 204
204 544
544 204
204 560
560 204
204 768
768 204
204 948
948 204
208 256
256 208
208 260
260 208
208 264
264 208
208 280
280 208
208 292
292 208
208 308
308 208
208 360
360 208
208 364
364 208
208 384
384 208
208 396
396 208
208 512
512 208
208 516
516 208
208 520
520 208
208 532
532 208
208 544
544 208
208 640
640 208
208 644
644 208
208 656
656 208
208 768
768 208
208 772
772 208
208 896
896 208
208 960
960 208
208 964
964 208
209 513
513 209
209 901
901 209
210 258
258 210
210 426
426 210
212 256
256 212
212 260
260 212
212 288
288 212
212 296
296 212
212 320
320 212
212 364
364 212
212 416
416 212
212 480
480 212
212 520
520 212
212 544
544 212
212 784
784 212
212 792
792 212
212 896
896 212
214 258
258 214
214 434
434 214
214 962
962 214
216 256
256 216
216 480
480 216
216 528
528 216
216 592
592 216
216 608
608 216
216 640
640 216
216 648
648 216
216 704
704 216
216 928
928 216
217 305
305 217
220 336
336 220
220 512
512 220
220 648
648 220
224 256
256 224
224 260
260 224
224 264
264 224
224 272
272 224
224 276
276 224
224 288
288 224
224 312
312 224
224 320
320 224
224 356
356 224
224 384
384 224
224 388
388 224
224 392
392 224
224 416
416 224
224 516
516 224
224 532
532 224
224 536
536 224
224 560
560 224
224 592
592 224
224 688
688 224
224 772
772 224
224 896
896 224
225 393
393 225
225 517
517 225
225 577
577 225
225 773
773 225
226 642
642 226
226 786
786 226
228 256
256 228
228 272
272 228
228 284
284 228
228 288
288 228
228 344
344 228
228 512
512 228
228 516
516 228
228 536
536 228
228 584
584 228
228 640
640 228
228 768
768 228
232 272
272 232
232 320
320 232
232 328
328 232
232 336
336 232
232 512
512 232
232 516
516 232
232 672
672 232
232 768
768 232
233 273
273 233
234 514
514 234
234 834
834 234
236 264
264 236
236 284
284 236
236 512
512 236
240 256
256 240
240 260
260 240
240 280
280 240
240 320
320 240
240 384
384 240
240 448
448 240
240 512
512 240
240 516
516 240
240 524
524 240
240 644
644 240
240 768
768 240
240 800
800 240
240 808
808 240
241 297
297 241
241 417
417 241
241 517
517 241
243 263
263 243
244 316
316 244
244 384
384 244
246 322
322 246
248 552
552 248
248 648
648 248
256 260
260 256
256 264
264 256
256 268
268 256
256 272
272 256
256 276
276 256
256 280
280 256
256 288
288 256
256 292
292 256
256 296
296 256
256 300
300 256
256 304
304 256
256 320
320 256
256 324
324 256
256 328
328 256
256 332
332 256
256 336
336 256
256 340
340 256
256 348
348 256
256 352
352 256
256 360
360 256
256 364
364 256
256 368
368 256
256 372
372 256
256 380
380 256
256 384
384 256
256 388
388 256
256 392
392 256
256 396
396 256
256 400
400 256
256 416
416 256
256 448
448 256
256 452
452 256
256 476
476 256
256 488
488 256
256 512
512 256
256 516
516 256
256 520
520 256
256 524
524 256
256 528
528 256
256 536
536 256
256 540
540 256
256 544
544 256
256 548
548 256
256 552
552 256
256 556
556 256
256 560
560 256
256 576
576 256
256 580
580 256
256 584
584 256
256 592
592 256
256 596
596 256
256 600
600 256
256 608
608 256
256 612
612 256
256 616
616 256
256 640
640 256
256 644
644 256
256 648
648 256
256 652
652 256
256 656
656 256
256 660
660 256
256 664
664 256
256 672
672 256
256 676
676 256
256 696
696 256
256 708
708 256
256 712
712 256
256 728
728 256
256 736
736 256
256 768
768 256
256 772
772 256
256 776
776 256
256 784
784 256
256 800
800 256
256 832
832 256
256 836
836 256
256 848
848 256
256 852
852 256
256 880
880 256
256 896
896 256
256 900
900 256
256 912
912 256
256 916
916 256
256 928
928 256
256 936
936 256
256 960
960 256
256 996
996 256
257 265
265 257
257 337
337 257
257 353
353 257
257 385
385 257
257 513
513 257
257 529
529 257
257 533
533 257
257 541
541 257
257 545
545 257
257 553
553 257
257 597
597 257
257 641
641 257
257 677
677 257
257 965
965 257
258 262
262 258
258 274
274 258
258 338
338 258
258 354
354 258
258 386
386 258
258 394
394 258
258 514
514 258
258 522
522 258
258 534
534 258
258 570
570 258
258 578
578 258
258 582
582 258
258 586
586 258
258 610
610 258
258 678
678 258
258 694
694 258
258 770
770 258
258 898
898 258
258 906
906 258
258 930
930 258
259 267
267 259
260 264
264 260
260 268
268 260
260 272
272 260
260 276
276 260
260 280
280 260
260 288
288 260
260 296
296 260
260 320
320 260
260 324
324 260
260 328
328 260
260 336
336 260
260 344
344 260
260 352
352 260
260 384
384 260
260 388
388 260
260 392
392 260
260 400
400 260
260 432
432 260
260 448
448 260
260 452
452 260
260 456
456 260
260 512
512 260
260 516
516 260
260 520
520 260
260 524
524 260
260 528
528 260
260 536
536 260
260 544
544 260
260 548
548 260
260 556
556 260
260 560
560 260
260 576
576 260
260 580
580 260
260 600
600 260
260 632
632 260
260 640
640 260
260 648
648 260
260 656
656 260
260 668
668 260
260 672
672 260
260 680
680 260
260 696
696 260
260 704
704 260
260 708
708 260
260 768
768 260
260 772
772 260
260 788
788 260
260 800
800 260
260 832
832 260
260 896
896 260
260 912
912 260
260 944
944 260
261 265
265 261
261 277
277 261
261 281
281 261
261 289
289 261
261 305
305 261
261 313
313 261
261 425
425 261
261 545
545 261
261 657
657 261
261 661
661 261
262 322
322 262
262 338
338 262
262 682
682 262
262 770
770 262
262 802
802 262
262 910
910 262
262 962
962 262
264 272
272 264
264 276
276 264
264 288
288 264
264 292
292 264
264 300
300 264
264 308
308 264
264 312
312 264
264 320
320 264
264 360
360 264
264 376
376 264
264 384
384 264
264 388
388 264
264 396
396 264
264 404
404 264
264 408
408 264
264 420
420 264
264 448
448 264
264 452
452 264
264 496
496 264
264 512
512 264
264 516
516 264
264 520
520 264
264 528
528 264
264 532
532 264
264 540
540 264
264 568
568 264
264 576
576 264
264 580
580 264
264 608
608 264
264 612
612 264
264 620
620 264
264 624
624 264
264 640
640 264
264 648
648 264
264 656
656 264
264 676
676 264
264 680
680 264
264 704
704 264
264 728
728 264
264 736
736 264
264 772
772 264
264 784
784 264
264 864
864 264
264 928
928 264
265 281
281 265
265 305
305 265
265 329
329 265
265 593
593 265
265 625
625 265
265 653
653 265
265 677
677 265
266 278
278 266
266 282
282 266
266 322
322 266
266 418
418 266
266 530
530 266
266 566
566 266
266 578
578 266
266 714
714 266
266 722
722 266
267 355
355 267
267 527
527 267
268 292
292 268
268 304
304 268
268 320
320 268
268 328
328 268
268 384
384 268
268 392
392 268
268 416
416 268
268 512
512 268
268 520
520 268
268 528
528 268
268 532
532 268
268 544
544 268
268 564
564 268
268 576
576 268
268 612
612 268
268 648
648 268
268 656
656 268
268 672
672 268
268 704
704 268
268 772
772 268
268 904
904 268
268 928
928 268
268 968
968 268
269 389
389 269
269 517
517 269
269 529
529 269
269 581
581 269
272 288
288 272
272 296
296 272
272 304
304 272
272 352
352 272
272 384
384 272
272 400
400 272
272 452
452 272
272 484
484 272
272 488
488 272
272 512
512 272
272 516
516 272
272 520
520 272
272 532
532 272
272 536
536 272
272 544
544 272
272 548
548 272
272 552
552 272
272 556
556 272
272 560
560 272
272 576
576 272
272 580
580 272
272 584
584 272
272 592
592 272
272 640
640 272
272 668
668 272
272 672
672 272
272 720
720 272
272 768
768 272
272 776
776 272
272 804
804 272
272 904
904 272
272 920
920 272
272 928
928 272
272 932
932 272
272 972
972 272
272 996
996 272
273 289
289 273
273 517
517 273
273 577
577 273
273 601
601 273
273 769
769 273
273 773
773 273
274 770
770 274
276 280
280 276
276 284
284 276
276 292
292 276
276 320
320 276
276 356
356 276
276 424
424 276
276 512
512 276
276 516
516 276
276 528
528 276
276 532
532 276
276 560
560 276
276 584
584 276
276 608
608 276
276 640
640 276
276 672
672 276
276 800
800 276
276 904
904 276
277 513
513 277
277 901
901 277
278 514
514 278
278 558
558 278
278 594
594 278
280 300
300 280
280 324
324 280
280 416
416 280
280 452
452 280
280 464
464 280
280 512
512 280
280 516
516 280
280 528
528 280
280 532
532 280
280 544
544 280
280 552
552 280
280 608
608 280
280 612
612 280
280 624
624 280
280 704
704 280
280 896
896 280
281 405
405 281
281 529
529 281
281 769
769 281
282 518
518 282
282 818
818 282
284 292
292 284
284 384
384 284
284 392
392 284
284 444
444 284
284 640
640 284
284 776
776 284
288 292
292 288
288 320
320 288
288 324
324 288
288 340
340 288
288 356
356 288
288 360
360 288
288 384
384 288
288 388
388 288
288 396
396 288
288 448
448 288
288 452
452 288
288 512
512 288
288 516
516 288
288 520
520 288
288 524
524 288
288 528
528 288
288 532
532 288
288 536
536 288
288 544
544 288
288 576
576 288
288 580
580 288
288 612
612 288
288 624
624 288
288 640
640 288
288 648
648 288
288 652
652 288
288 656
656 288
288 660
660 288
288 672
672 288
288 688
688 288
288 704
704 288
288 708
708 288
288 724
724 288
288 740
740 288
288 768
768 288
288 784
784 288
288 800
800 288
288 832
832 288
288 840
840 288
288 896
896 288
288 904
904 288
288 908
908 288
288 928
928 288
288 996
996 288
289 485
485 289
289 609
609 289
289 665
665 289
289 849
849 289
289 897
897 289
290 294
294 290
290 354
354 290
290 466
466 290
290 554
554 290
290 578
578 290
290 594
594 290
290 654
654 290
290 754
754 290
290 966
966 290
292 392
392 292
292 416
416 292
292 448
448 292
292 468
468 292
292 512
512 292
292 516
516 292
292 520
520 292
292 532
532 292
292 544
544 292
292 576
576 292
292 592
592 292
292 616
616 292
292 640
640 292
292 672
672 292
292 704
704 292
292 768
768 292
292 792
792 292
292 800
800 292
292 904
904 292
292 964
964 292
292 1000
1000 292
293 529
529 293
294 582
582 294
296 320
320 296
296 324
324 296
296 352
352 296
296 384
384 296
296 512
512 296
296 516
516 296
296 528
528 296
296 540
540 296
296 544
544 296
296 576
576 296
296 612
612 296
296 640
640 296
296 644
644 296
296 648
648 296
296 656
656 296
296 664
664 296
296 704
704 296
296 752
752 296
296 768
768 296
296 776
776 296
296 784
784 296
296 900
900 296
297 441
441 297
297 769
769 297
299 771
771 299
300 324
324 300
300 452
452 300
300 512
512 300
300 576
576 300
300 596
596 300
300 672
672 300
300 772
772 300
302 662
662 302
304 320
320 304
304 324
324 304
304 336
336 304
304 416
416 304
304 448
448 304
304 512
512 304
304 520
520 304
304 528
528 304
304 532
532 304
304 544
544 304
304 576
576 304
304 584
584 304
304 640
640 304
304 772
772 304
304 836
836 304
304 840
840 304
304 848
848 304
304 1008
1008 304
305 401
401 305
305 517
517 305
305 545
545 305
308 512
512 308
308 528
528 308
308 648
648 308
310 514
514 310
312 432
432 312
312 544
544 312
312 576
576 312
312 780
780 312
312 804
804 312
313 517
517 313
313 521
521 313
316 768
768 316
316 904
904 316
320 328
328 320
320 332
332 320
320 352
352 320
320 380
380 320
320 388
388 320
320 392
392 320
320 396
396 320
320 452
452 320
320 472
472 320
320 512
512 320
320 516
516 320
320 520
520 320
320 528
528 320
320 544
544 320
320 548
548 320
320 560
560 320
320 576
576 320
320 592
592 320
320 608
608 320
320 640
640 320
320 648
648 320
320 672
672 320
320 704
704 320
320 720
720 320
320 768
768 320
320 772
772 320
320 784
784 320
320 800
800 320
320 804
804 320
320 832
832 320
320 836
836 320
320 840
840 320
320 848
848 320
320 928
928 320
320 960
960 320
321 425
425 321
321 465
465 321
321 529
529 321
321 533
533 321
321 561
561 321
321 565
565 321
321 577
577 321
321 725
725 321
321 785
785 321
321 905
905 321
321 977
977 321
322 338
338 322
322 514
514 322
322 578
578 322
322 662
662 322
322 670
670 322
322 850
850 322
323 551
551 323
324 328
328 324
324 352
352 324
324 384
384 324
324 416
416 324
324 432
432 324
324 512
512 324
324 516
516 324
324 528
528 324
324 532
532 324
324 544
544 324
324 560
560 324
324 568
568 324
324 576
576 324
324 604
604 324
324 608
608 324
324 640
640 324
324 660
660 324
324 672
672 324
324 772
772 324
324 832
832 324
324 952
952 324
324 1016
1016 324
325 513
513 325
326 546
546 326
326 598
598 326
326 770
770 326
326 786
786 326
327 811
811 327
328 356
356 328
328 384
384 328
328 416
416 328
328 512
512 328
328 524
524 328
328 528
528 328
328 540
540 328
328 544
544 328
328 548
548 328
328 560
560 328
328 640
640 328
328 704
704 328
328 716
716 328
328 768
768 328
328 896
896 328
329 645
645 329
329 845
845 329
330 514
514 330
332 384
384 332
332 388
388 332
332 512
512 332
332 524
524 332
332 532
532 332
332 584
584 332
333 513
513 333
333 517
517 333
333 721
721 333
336 512
512 336
336 528
528 336
336 588
588 336
336 640
640 336
337 553
553 337
338 534
534 338
339 531
531 339
340 512
512 340
340 516
516 340
340 544
544 340
340 576
576 340
340 584
584 340
340 644
644 340
344 544
544 344
344 640
640 344
344 676
676 344
344 900
900 344
345 673
673 345
348 512
512 348
348 528
528 348
352 512
512 352
352 516
516 352
352 528
528 352
352 576
576 352
352 640
640 352
352 688
688 352
352 724
724 352
352 776
776 352
352 784
784 352
352 860
860 352
354 898
898 354
356 388
388 356
356 408
408 356
356 516
516 356
356 520
520 356
356 708
708 356
358 402
402 358
358 642
642 358
360 512
512 360
360 516
516 360
360 528
528 360
360 568
568 360
360 576
576 360
360 656
656 360
360 784
784 360
360 788
788 360
360 976
976 360
364 848
848 364
364 868
868 364
366 674
674 366
366 794
794 366
368 392
392 368
368 420
420 368
368 448
448 368
368 516
516 368
368 520
520 368
368 528
528 368
368 768
768 368
368 932
932 368
369 929
929 369
372 520
520 372
378 394
394 378
378 514
514 378
378 518
518 378
379 515
515 379
380 384
384 380
380 512
512 380
380 536
536 380
380 544
544 380
382 522
522 382
384 392
392 384
384 420
420 384
384 476
476 384
384 480
480 384
384 512
512 384
384 516
516 384
384 520
520 384
384 524
524 384
384 528
528 384
384 532
532 384
384 536
536 384
384 544
544 384
384 548
548 384
384 560
560 384
384 576
576 384
384 584
584 384
384 592
592 384
384 604
604 384
384 616
616 384
384 632
632 384
384 640
640 384
384 644
644 384
384 656
656 384
384 672
672 384
384 688
688 384
384 692
692 384
384 768
768 384
384 772
772 384
384 784
784 384
384 864
864 384
384 884
884 384
384 920
920 384
385 513
513 385
386 390
390 386
386 514
514 386
386 546
546 386
386 578
578 386
386 606
606 386
386 770
770 386
386 842
842 386
388 480
480 388
388 512
512 388
388 516
516 388
388 520
520 388
388 528
528 388
388 544
544 388
388 624
624 388
388 704
704 388
388 772
772 388
388 784
784 388
388 912
912 388
389 513
513 389
389 549
549 389
389 789
789 389
390 514
514 390
390 550
550 390
392 512
512 392
392 516
516 392
392 544
544 392
392 552
552 392
392 560
560 392
392 564
564 392
392 576
576 392
392 596
596 392
392 648
648 392
392 784
784 392
392 840
840 392
392 868
868 392
392 976
976 392
393 521
521 393
396 408
408 396
396 516
516 396
396 544
544 396
396 640
640 396
396 768
768 396
396 772
772 396
397 517
517 397
398 550
550 398
400 432
432 400
400 460
460 400
400 512
512 400
400 516
516 400
400 520
520 400
400 528
528 400
400 548
548 400
400 552
552 400
400 560
560 400
400 592
592 400
400 712
712 400
400 768
768 400
400 784
784 400
400 836
836 400
400 840
840 400
404 516
516 404
404 568
568 404
404 640
640 404
404 672
672 404
404 896
896 404
408 480
480 408
408 544
544 408
408 784
784 408
408 920
920 408
412 640
640 412
416 512
512 416
416 516
516 416
416 528
528 416
416 548
548 416
416 560
560 416
416 564
564 416
416 576
576 416
416 660
660 416
416 772
772 416
418 538
538 418
418 594
594 418
418 650
650 418
418 834
834 418
420 516
516 420
420 656
656 420
420 936
936 420
421 513
513 421
422 674
674 422
424 512
512 424
424 644
644 424
425 653
653 425
426 582
582 426
432 520
520 432
432 544
544 432
432 548
548 432
432 640
640 432
433 513
513 433
436 576
576 436
436 768
768 436
436 808
808 436
448 456
456 448
448 512
512 448
448 516
516 448
448 520
520 448
448 524
524 448
448 528
528 448
448 576
576 448
448 588
588 448
448 624
624 448
448 896
896 448
448 904
904 448
448 932
932 448
450 574
574 450
452 512
512 452
452 516
516 452
452 524
524 452
452 576
576 452
452 592
592 452
452 644
644 452
452 664
664 452
456 512
512 456
456 552
552 456
456 784
784 456
457 513
513 457
460 544
544 460
460 596
596 460
460 664
664 460
462 658
658 462
464 512
512 464
464 528
528 464
464 620
620 464
464 624
624 464
464 800
800 464
464 880
880 464
466 546
546 466
468 896
896 468
469 513
513 469
472 512
512 472
472 528
528 472
473 517
517 473
476 512
512 476
476 768
768 476
476 808
808 476
480 512
512 480
480 520
520 480
480 664
664 480
480 672
672 480
480 776
776 480
481 649
649 481
484 512
512 484
485 585
585 485
488 772
772 488
496 512
512 496
496 516
516 496
496 520
520 496
512 516
516 512
512 520
520 512
512 524
524 512
512 528
528 512
512 532
532 512
512 536
536 512
512 540
540 512
512 544
544 512
512 548
548 512
512 552
552 512
512 556
556 512
512 560
560 512
512 564
564 512
512 576
576 512
512 580
580 512
512 584
584 512
512 588
588 512
512 592
592 512
512 600
600 512
512 608
608 512
512 612
612 512
512 616
616 512
512 632
632 512
512 640
640 512
512 644
644 512
512 648
648 512
512 656
656 512
512 660
660 512
512 672
672 512
512 680
680 512
512 688
688 512
512 696
696 512
512 704
704 512
512 720
720 512
512 724
724 512
512 752
752 512
512 768
768 512
512 772
772 512
512 776
776 512
512 780
780 512
512 784
784 512
512 788
788 512
512 792
792 512
512 796
796 512
512 800
800 512
512 808
808 512
512 816
816 512
512 820
820 512
512 832
832 512
512 856
856 512
512 880
880 512
512 896
896 512
512 904
904 512
512 928
928 512
512 960
960 512
512 976
976 512
513 521
521 513
513 641
641 513
513 673
673 513
513 769
769 513
513 837
837 513
513 897
897 513
514 518
518 514
514 530
530 514
514 534
534 514
514 566
566 514
514 622
622 514
514 642
642 514
514 786
786 514
514 854
854 514
515 547
547 515
516 520
520 516
516 528
528 516
516 544
544 516
516 552
552 516
516 560
560 516
516 564
564 516
516 568
568 516
516 576
576 516
516 580
580 516
516 592
592 516
516 612
612 516
516 640
640 516
516 644
644 516
516 672
672 516
516 676
676 516
516 680
680 516
516 708
708 516
516 740
740 516
516 772
772 516
516 800
800 516
516 804
804 516
516 816
816 516
516 832
832 516
516 844
844 516
516 872
872 516
516 896
896 516
516 908
908 516
516 928
928 516
517 545
545 517
517 657
657 517
517 753
753 517
517 905
905 517
518 530
530 518
520 556
556 520
520 576
576 520
520 580
580 520
520 596
596 520
520 616
616 520
520 640
640 520
520 656
656 520
520 680
680 520
520 688
688 520
520 692
692 520
520 708
708 520
520 716
716 520
520 768
768 520
520 772
772 520
520 776
776 520
520 800
800 520
520 836
836 520
520 896
896 520
520 912
912 520
520 952
952 520
521 789
789 521
522 538
538 522
522 546
546 522
522 678
678 522
522 770
770 522
522 786
786 522
524 528
528 524
524 584
584 524
524 608
608 524
524 624
624 524
524 672
672 524
524 676
676 524
524 704
704 524
524 784
784 524
524 912
912 524
526 650
650 526
528 532
532 528
528 544
544 528
528 548
548 528
528 560
560 528
528 576
576 528
528 580
580 528
528 592
592 528
528 596
596 528
528 620
620 528
528 640
640 528
528 644
644 528
528 656
656 528
528 704
704 528
528 748
748 528
528 768
768 528
528 772
772 528
528 776
776 528
528 784
784 528
528 804
804 528
528 808
808 528
528 832
832 528
528 896
896 528
528 904
904 528
528 912
912 528
528 944
944 528
529 641
641 529
529 645
645 529
529 749
749 529
529 841
841 529
530 570
570 530
530 646
646 530
530 650
650 530
530 1002
1002 530
532 544
544 532
532 640
640 532
532 648
648 532
532 656
656 532
532 768
768 532
532 776
776 532
532 796
796 532
532 864
864 532
533 897
897 533
536 544
544 536
536 548
548 536
536 556
556 536
536 560
560 536
536 580
580 536
536 640
640 536
536 652
652 536
536 676
676 536
536 772
772 536
537 649
649 537
540 576
576 540
540 640
640 540
544 548
548 544
544 552
552 544
544 556
556 544
544 568
568 544
544 576
576 544
544 584
584 544
544 612
612 544
544 616
616 544
544 640
640 544
544 644
644 544
544 648
648 544
544 672
672 544
544 724
724 544
544 768
768 544
544 772
772 544
544 828
828 544
544 832
832 544
544 872
872 544
544 960
960 544
545 593
593 545
545 673
673 545
546 602
602 546
546 614
614 546
546 658
658 546
546 710
710 546
546 770
770 546
546 774
774 546
548 556
556 548
548 580
580 548
548 592
592 548
548 772
772 548
548 776
776 548
548 792
792 548
548 800
800 548
548 896
896 548
552 640
640 552
552 776
776 552
552 784
784 552
552 840
840 552
552 908
908 552
552 932
932 552
552 948
948 552
553 773
773 553
554 754
754 554
556 724
724 556
556 768
768 556
560 768
768 560
560 772
772 560
560 908
908 560
560 912
912 560
562 582
582 562
564 600
600 564
564 640
640 564
564 920
920 564
568 640
640 568
568 656
656 568
568 840
840 568
572 780
780 572
576 584
584 576
576 608
608 576
576 640
640 576
576 644
644 576
576 652
652 576
576 660
660 576
576 664
664 576
576 692
692 576
576 704
704 576
576 712
712 576
576 768
768 576
576 776
776 576
576 800
800 576
576 816
816 576
576 840
840 576
576 896
896 576
576 976
976 576
577 693
693 577
577 713
713 577
577 777
777 577
577 837
837 577
577 949
949 577
578 662
662 578
578 674
674 578
579 655
655 579
580 600
600 580
580 648
648 580
580 652
652 580
580 672
672 580
580 720
720 580
580 768
768 580
581 673
673 581
582 650
650 582
582 774
774 582
584 592
592 584
584 596
596 584
584 644
644 584
584 688
688 584
584 708
708 584
584 768
768 584
584 896
896 584
584 900
900 584
588 796
796 588
592 608
608 592
592 712
712 592
592 908
908 592
592 980
980 592
593 785
785 593
596 608
608 596
596 640
640 596
598 802
802 598
600 656
656 600
600 768
768 600
602 770
770 602
608 612
612 608
608 736
736 608
608 788
788 608
608 896
896 608
608 908
908 608
609 773
773 609
612 744
744 612
612 832
832 612
616 652
652 616
616 716
716 616
616 784
784 616
616 816
816 616
616 864
864 616
624 644
644 624
624 832
832 624
624 912
912 624
626 906
906 626
628 640
640 628
640 648
648 640
640 688
688 640
640 712
712 640
640 768
768 640
640 772
772 640
640 792
792 640
640 832
832 640
640 912
912 640
640 960
960 640
641 729
729 641
644 648
648 644
644 672
672 644
644 784
784 644
644 864
864 644
644 872
872 644
644 896
896 644
644 900
900 644
645 697
697 645
645 705
705 645
645 785
785 645
648 776
776 648
648 800
800 648
648 896
896 648
652 768
768 652
653 773
773 653
656 672
672 656
656 704
704 656
656 756
756 656
656 768
768 656
656 896
896 656
664 680
680 664
664 704
704 664
668 976
976 668
672 720
720 672
672 768
768 672
672 792
792 672
672 852
852 672
673 817
817 673
680 768
768 680
680 800
800 680
680 916
916 680
689 833
833 689
696 704
704 696
708 792
792 708
708 816
816 708
714 806
806 714
716 800
800 716
720 772
772 720
720 800
800 720
728 804
804 728
736 768
768 736
740 768
768 740
740 896
896 740
744 836
836 744
768 788
788 768
768 816
816 768
768 896
896 768
768 900
900 768
768 972
972 768
769 833
833 769
771 819
819 771
771 835
835 771
772 776
776 772
772 780
780 772
772 796
796 772
776 888
888 776
777 833
833 777
784 832
832 784
785 997
997 785
789 833
833 789
792 896
896 792
800 840
840 800
800 992
992 800
804 928
928 804
804 936
936 804
808 896
896 808
808 964
964 808
832 840
840 832
832 900
900 832
832 968
968 832
836 848
848 836
840 976
976 840
844 896
896 844
888 960
960 888
896 900
900 896
896 904
904 896
896 928
928 896
